20
1 2   133   50 
1 3   74   20 
1 4   141   18 
1 5   121   54 
1 6   73   40 
1 7   22   61 
1 8   144   57 
1 9   97   45 
1 10   106   32 
1 11   103   37 
1 12   141   27 
1 13   104   15 
1 14   26   32 
1 15   71   37 
1 16   29   11 
1 17   62   66 
1 18   117   19 
1 19   144   48 
1 20   68   41 
2 3   24   49 
2 4   142   37 
2 5   58   31 
2 6   145   20 
2 7   35   48 
2 8   47   73 
2 9   69   59 
2 10   60   12 
2 11   70   50 
2 12   94   74 
2 13   90   15 
2 14   82   18 
2 15   112   13 
2 16   148   22 
2 17   20   36 
2 18   99   47 
2 19   38   50 
2 20   120   69 
3 4   137   17 
3 5   65   34 
3 6   110   70 
3 7   83   46 
3 8   130   47 
3 9   87   24 
3 10   85   38 
3 11   100   50 
3 12   134   16 
3 13   71   75 
3 14   103   70 
3 15   89   51 
3 16   40   31 
3 17   71   48 
3 18   118   63 
3 19   94   15 
3 20   134   65 
4 5   89   38 
4 6   117   28 
4 7   129   25 
4 8   117   52 
4 9   133   36 
4 10   89   47 
4 11   135   73 
4 12   98   37 
4 13   131   67 
4 14   71   48 
4 15   72   42 
4 16   91   32 
4 17   137   51 
4 18   34   71 
4 19   132   23 
4 20   20   27 
5 6   99   22 
5 7   71   67 
5 8   57   69 
5 9   90   43 
5 10   29   38 
5 11   132   59 
5 12   52   62 
5 13   101   62 
5 14   139   62 
5 15   60   75 
5 16   142   36 
5 17   47   12 
5 18   137   17 
5 19   128   15 
5 20   60   28 
6 7   20   11 
6 8   92   19 
6 9   61   40 
6 10   97   26 
6 11   78   62 
6 12   35   10 
6 13   123   59 
6 14   75   75 
6 15   106   45 
6 16   67   25 
6 17   85   14 
6 18   140   67 
6 19   29   75 
6 20   147   47 
7 8   142   29 
7 9   30   13 
7 10   124   67 
7 11   126   51 
7 12   143   28 
7 13   103   13 
7 14   73   26 
7 15   129   28 
7 16   77   36 
7 17   20   22 
7 18   52   11 
7 19   21   42 
7 20   39   26 
8 9   80   66 
8 10   50   20 
8 11   49   75 
8 12   143   31 
8 13   124   29 
8 14   45   56 
8 15   147   46 
8 16   108   62 
8 17   46   71 
8 18   56   36 
8 19   75   12 
8 20   101   12 
9 10   30   28 
9 11   68   27 
9 12   131   40 
9 13   45   24 
9 14   72   47 
9 15   37   11 
9 16   69   74 
9 17   50   47 
9 18   102   36 
9 19   55   10 
9 20   143   21 
10 11   133   54 
10 12   96   25 
10 13   104   18 
10 14   31   53 
10 15   57   59 
10 16   97   50 
10 17   132   70 
10 18   132   32 
10 19   116   18 
10 20   20   38 
11 12   36   14 
11 13   124   72 
11 14   46   44 
11 15   92   24 
11 16   49   54 
11 17   138   42 
11 18   63   35 
11 19   126   53 
11 20   82   27 
12 13   108   40 
12 14   141   41 
12 15   130   61 
12 16   71   71 
12 17   20   38 
12 18   134   53 
12 19   92   61 
12 20   75   15 
13 14   115   65 
13 15   70   53 
13 16   94   64 
13 17   88   74 
13 18   36   61 
13 19   22   17 
13 20   142   53 
14 15   20   35 
14 16   76   33 
14 17   44   16 
14 18   82   46 
14 19   112   66 
14 20   70   64 
15 16   128   70 
15 17   41   66 
15 18   91   13 
15 19   131   67 
15 20   114   12 
16 17   135   66 
16 18   149   49 
16 19   150   12 
16 20   47   44 
17 18   89   31 
17 19   43   51 
17 20   57   39 
18 19   73   38 
18 20   25   63 
19 20   43   30