20
1 2 129 45 
1 3 113 19 
1 4 67 61 
1 5 69 45 
1 6 134 27 
1 7 139 60 
1 8 58 18 
1 9 121 17 
1 10 134 31 
1 11 144 54 
1 12 22 62 
1 13 149 16 
1 14 112 47 
1 15 99 75 
1 16 93 13 
1 17 99 11 
1 18 118 58 
1 19 37 40 
1 20 132 23 
2 3 121 12 
2 4 137 20 
2 5 39 42 
2 6 78 68 
2 7 49 49 
2 8 103 47 
2 9 20 14 
2 10 74 51 
2 11 81 51 
2 12 118 27 
2 13 72 60 
2 14 96 53 
2 15 109 30 
2 16 139 61 
2 17 98 18 
2 18 131 42 
2 19 30 66 
2 20 73 35 
3 4 71 47 
3 5 121 45 
3 6 59 43 
3 7 93 48 
3 8 132 22 
3 9 65 44 
3 10 73 44 
3 11 35 55 
3 12 114 66 
3 13 84 15 
3 14 135 40 
3 15 42 48 
3 16 56 55 
3 17 29 24 
3 18 54 54 
3 19 77 64 
3 20 24 33 
4 5 31 51 
4 6 21 44 
4 7 71 70 
4 8 114 67 
4 9 146 40 
4 10 134 15 
4 11 64 55 
4 12 48 12 
4 13 79 69 
4 14 53 41 
4 15 76 29 
4 16 63 74 
4 17 100 33 
4 18 68 38 
4 19 30 38 
4 20 28 66 
5 6 21 10 
5 7 101 42 
5 8 58 49 
5 9 128 72 
5 10 25 29 
5 11 86 12 
5 12 72 54 
5 13 106 19 
5 14 50 38 
5 15 101 51 
5 16 120 28 
5 17 127 53 
5 18 65 75 
5 19 43 20 
5 20 77 60 
6 7 119 27 
6 8 98 67 
6 9 101 51 
6 10 140 64 
6 11 101 47 
6 12 23 34 
6 13 76 11 
6 14 68 53 
6 15 100 42 
6 16 64 13 
6 17 146 45 
6 18 83 64 
6 19 61 28 
6 20 21 59 
7 8 29 73 
7 9 110 71 
7 10 63 51 
7 11 27 74 
7 12 86 35 
7 13 142 64 
7 14 66 57 
7 15 47 19 
7 16 84 59 
7 17 68 43 
7 18 45 62 
7 19 112 43 
7 20 55 38 
8 9 149 62 
8 10 66 49 
8 11 146 16 
8 12 48 56 
8 13 69 34 
8 14 142 54 
8 15 71 71 
8 16 88 11 
8 17 138 27 
8 18 21 27 
8 19 142 55 
8 20 144 14 
9 10 91 22 
9 11 21 34 
9 12 36 23 
9 13 107 17 
9 14 125 65 
9 15 93 10 
9 16 48 16 
9 17 106 18 
9 18 43 15 
9 19 131 44 
9 20 23 67 
10 11 128 28 
10 12 113 57 
10 13 142 36 
10 14 142 28 
10 15 64 71 
10 16 60 36 
10 17 22 27 
10 18 115 67 
10 19 147 49 
10 20 101 40 
11 12 140 18 
11 13 112 51 
11 14 49 11 
11 15 52 42 
11 16 102 48 
11 17 143 42 
11 18 102 70 
11 19 78 18 
11 20 111 24 
12 13 43 56 
12 14 78 10 
12 15 24 31 
12 16 150 57 
12 17 79 32 
12 18 145 22 
12 19 123 64 
12 20 129 59 
13 14 54 38 
13 15 71 64 
13 16 49 54 
13 17 97 57 
13 18 140 38 
13 19 55 47 
13 20 57 47 
14 15 149 52 
14 16 110 56 
14 17 66 72 
14 18 108 37 
14 19 63 18 
14 20 114 10 
15 16 54 57 
15 17 108 67 
15 18 52 54 
15 19 81 16 
15 20 93 47 
16 17 89 55 
16 18 117 42 
16 19 143 38 
16 20 104 29 
17 18 70 74 
17 19 150 18 
17 20 134 44 
18 19 114 60 
18 20 82 41 
19 20 113 16 
 
