20
1 2   143   60 
1 3   94   15 
1 4   124   28 
1 5   116   46 
1 6   132   53 
1 7   70   26 
1 8   51   60 
1 9   26   35 
1 10   57   70 
1 11   55   24 
1 12   60   35 
1 13   42   40 
1 14   95   71 
1 15   95   66 
1 16   31   74 
1 17   142   62 
1 18   134   10 
1 19   42   21 
1 20   85   16 
2 3   53   15 
2 4   46   19 
2 5   32   19 
2 6   80   66 
2 7   43   37 
2 8   21   33 
2 9   136   39 
2 10   23   13 
2 11   75   10 
2 12   95   63 
2 13   96   60 
2 14   22   16 
2 15   58   33 
2 16   32   68 
2 17   48   68 
2 18   30   30 
2 19   139   38 
2 20   23   27 
3 4   150   59 
3 5   129   51 
3 6   130   56 
3 7   36   64 
3 8   80   65 
3 9   62   22 
3 10   74   59 
3 11   112   31 
3 12   83   31 
3 13   150   37 
3 14   90   14 
3 15   115   15 
3 16   118   29 
3 17   96   65 
3 18   124   27 
3 19   139   58 
3 20   48   66 
4 5   42   27 
4 6   38   69 
4 7   91   51 
4 8   57   67 
4 9   126   56 
4 10   34   73 
4 11   94   75 
4 12   110   40 
4 13   82   21 
4 14   38   73 
4 15   95   21 
4 16   53   39 
4 17   148   29 
4 18   133   28 
4 19   49   55 
4 20   48   59 
5 6   107   29 
5 7   116   41 
5 8   79   21 
5 9   140   19 
5 10   106   63 
5 11   137   14 
5 12   113   46 
5 13   63   50 
5 14   61   68 
5 15   99   40 
5 16   39   21 
5 17   148   66 
5 18   108   18 
5 19   50   47 
5 20   111   26 
6 7   105   40 
6 8   103   29 
6 9   126   63 
6 10   33   29 
6 11   141   48 
6 12   26   23 
6 13   45   27 
6 14   49   56 
6 15   22   69 
6 16   125   54 
6 17   47   59 
6 18   59   31 
6 19   81   24 
6 20   137   26 
7 8   149   25 
7 9   86   62 
7 10   127   69 
7 11   71   21 
7 12   85   48 
7 13   55   43 
7 14   56   73 
7 15   91   24 
7 16   142   64 
7 17   123   24 
7 18   49   39 
7 19   144   51 
7 20   86   35 
8 9   46   75 
8 10   130   64 
8 11   120   66 
8 12   61   66 
8 13   83   39 
8 14   60   10 
8 15   140   37 
8 16   73   39 
8 17   42   19 
8 18   102   41 
8 19   110   72 
8 20   125   11 
9 10   46   37 
9 11   150   52 
9 12   104   41 
9 13   140   13 
9 14   125   46 
9 15   81   49 
9 16   99   26 
9 17   42   34 
9 18   47   13 
9 19   47   30 
9 20   25   24 
10 11   114   67 
10 12   39   26 
10 13   93   33 
10 14   39   70 
10 15   91   55 
10 16   111   57 
10 17   23   23 
10 18   77   70 
10 19   65   26 
10 20   25   74 
11 12   91   73 
11 13   123   54 
11 14   89   44 
11 15   55   34 
11 16   126   59 
11 17   77   74 
11 18   61   24 
11 19   139   43 
11 20   110   19 
12 13   42   63 
12 14   114   58 
12 15   44   65 
12 16   34   66 
12 17   118   74 
12 18   120   66 
12 19   50   26 
12 20   44   61 
13 14   62   31 
13 15   119   63 
13 16   52   25 
13 17   102   44 
13 18   71   18 
13 19   148   50 
13 20   42   10 
14 15   44   58 
14 16   23   10 
14 17   43   56 
14 18   140   70 
14 19   89   51 
14 20   50   44 
15 16   147   62 
15 17   107   13 
15 18   24   67 
15 19   150   66 
15 20   21   18 
16 17   111   30 
16 18   134   59 
16 19   101   54 
16 20   58   49 
17 18   35   52 
17 19   120   47 
17 20   27   61 
18 19   98   46 
18 20   38   70 
19 20   114   57 
