20
1 2   69   26 
1 3   135   27 
1 4   92   72 
1 5   102   45 
1 6   78   24 
1 7   76   66 
1 8   72   38 
1 9   90   34 
1 10   97   32 
1 11   85   38 
1 12   101   48 
1 13   32   38 
1 14   104   24 
1 15   109   40 
1 16   31   45 
1 17   60   29 
1 18   29   70 
1 19   145   18 
1 20   127   60 
2 3   68   70 
2 4   137   61 
2 5   84   52 
2 6   45   40 
2 7   141   50 
2 8   81   33 
2 9   91   56 
2 10   36   67 
2 11   64   36 
2 12   36   46 
2 13   26   16 
2 14   91   68 
2 15   128   40 
2 16   31   65 
2 17   33   29 
2 18   102   70 
2 19   118   51 
2 20   49   41 
3 4   50   66 
3 5   59   12 
3 6   149   18 
3 7   58   55 
3 8   65   50 
3 9   148   45 
3 10   63   72 
3 11   60   60 
3 12   113   45 
3 13   30   61 
3 14   86   62 
3 15   93   60 
3 16   114   62 
3 17   46   27 
3 18   72   48 
3 19   93   55 
3 20   44   57 
4 5   134   31 
4 6   143   37 
4 7   48   24 
4 8   100   23 
4 9   26   18 
4 10   147   40 
4 11   31   50 
4 12   64   71 
4 13   20   58 
4 14   115   21 
4 15   78   58 
4 16   146   46 
4 17   143   54 
4 18   57   64 
4 19   122   24 
4 20   137   46 
5 6   150   17 
5 7   93   65 
5 8   139   29 
5 9   125   67 
5 10   107   23 
5 11   142   49 
5 12   125   62 
5 13   109   28 
5 14   91   75 
5 15   150   55 
5 16   85   10 
5 17   50   51 
5 18   150   32 
5 19   58   36 
5 20   145   50 
6 7   77   28 
6 8   135   29 
6 9   32   54 
6 10   23   37 
6 11   103   12 
6 12   134   50 
6 13   57   32 
6 14   102   46 
6 15   123   17 
6 16   138   21 
6 17   107   10 
6 18   59   51 
6 19   21   60 
6 20   102   70 
7 8   69   58 
7 9   131   42 
7 10   136   66 
7 11   113   19 
7 12   118   40 
7 13   90   75 
7 14   33   44 
7 15   111   65 
7 16   31   39 
7 17   97   44 
7 18   132   42 
7 19   144   29 
7 20   25   62 
8 9   61   66 
8 10   144   45 
8 11   127   59 
8 12   94   17 
8 13   145   35 
8 14   109   34 
8 15   135   46 
8 16   89   71 
8 17   109   39 
8 18   148   48 
8 19   130   46 
8 20   45   60 
9 10   136   40 
9 11   27   69 
9 12   103   25 
9 13   89   22 
9 14   81   23 
9 15   106   21 
9 16   133   50 
9 17   88   19 
9 18   121   28 
9 19   69   13 
9 20   89   27 
10 11   130   68 
10 12   22   52 
10 13   44   27 
10 14   98   66 
10 15   105   25 
10 16   35   63 
10 17   62   57 
10 18   44   52 
10 19   50   62 
10 20   103   47 
11 12   122   11 
11 13   62   12 
11 14   22   12 
11 15   136   22 
11 16   111   43 
11 17   46   53 
11 18   88   74 
11 19   75   64 
11 20   113   28 
12 13   89   57 
12 14   61   67 
12 15   149   34 
12 16   69   75 
12 17   55   74 
12 18   99   30 
12 19   77   65 
12 20   139   20 
13 14   88   73 
13 15   36   42 
13 16   37   21 
13 17   29   33 
13 18   42   73 
13 19   54   48 
13 20   77   29 
14 15   54   45 
14 16   143   34 
14 17   84   33 
14 18   134   31 
14 19   83   46 
14 20   127   51 
15 16   36   46 
15 17   124   28 
15 18   103   51 
15 19   94   17 
15 20   34   10 
16 17   21   32 
16 18   101   60 
16 19   109   32 
16 20   90   43 
17 18   130   63 
17 19   24   36 
17 20   55   31 
18 19   100   31 
18 20   141   27 
19 20   23   26  
