20
1 2   44   45 
1 3   101   75 
1 4   141   68 
1 5   114   32 
1 6   104   37 
1 7   124   35 
1 8   53   15 
1 9   58   57 
1 10   82   33 
1 11   145   47 
1 12   123   71 
1 13   121   68 
1 14   70   72 
1 15   80   58 
1 16   58   21 
1 17   121   51 
1 18   149   38 
1 19   37   41 
1 20   52   39 
2 3   58   75 
2 4   141   69 
2 5   35   32 
2 6   91   59 
2 7   108   62 
2 8   141   11 
2 9   107   45 
2 10   120   26 
2 11   149   34 
2 12   46   73 
2 13   66   19 
2 14   148   53 
2 15   52   27 
2 16   50   50 
2 17   99   74 
2 18   141   59 
2 19   46   58 
2 20   23   29 
3 4   87   73 
3 5   78   26 
3 6   60   46 
3 7   69   52 
3 8   80   39 
3 9   59   53 
3 10   54   41 
3 11   86   64 
3 12   102   69 
3 13   66   66 
3 14   107   55 
3 15   42   63 
3 16   114   63 
3 17   139   57 
3 18   127   49 
3 19   135   24 
3 20   84   32 
4 5   111   61 
4 6   22   60 
4 7   23   19 
4 8   53   24 
4 9   20   39 
4 10   40   12 
4 11   76   46 
4 12   66   67 
4 13   148   60 
4 14   126   61 
4 15   52   41 
4 16   55   63 
4 17   97   65 
4 18   37   74 
4 19   145   31 
4 20   36   29 
5 6   44   54 
5 7   105   47 
5 8   102   18 
5 9   145   27 
5 10   144   45 
5 11   142   27 
5 12   102   42 
5 13   64   52 
5 14   93   16 
5 15   147   43 
5 16   80   44 
5 17   86   20 
5 18   132   73 
5 19   120   50 
5 20   139   29 
6 7   135   37 
6 8   76   34 
6 9   140   68 
6 10   102   18 
6 11   117   53 
6 12   29   57 
6 13   145   35 
6 14   42   64 
6 15   111   35 
6 16   51   21 
6 17   118   53 
6 18   97   44 
6 19   115   12 
6 20   44   46 
7 8   86   35 
7 9   89   72 
7 10   48   45 
7 11   90   65 
7 12   125   11 
7 13   107   65 
7 14   40   26 
7 15   138   62 
7 16   57   43 
7 17   138   29 
7 18   129   64 
7 19   145   22 
7 20   34   67 
8 9   49   32 
8 10   59   38 
8 11   129   64 
8 12   93   37 
8 13   69   69 
8 14   32   73 
8 15   90   11 
8 16   33   74 
8 17   81   53 
8 18   49   60 
8 19   38   20 
8 20   110   16 
9 10   89   70 
9 11   125   11 
9 12   61   61 
9 13   76   45 
9 14   43   66 
9 15   84   41 
9 16   48   53 
9 17   86   34 
9 18   96   64 
9 19   121   68 
9 20   61   22 
10 11   31   44 
10 12   49   73 
10 13   47   52 
10 14   23   34 
10 15   77   44 
10 16   46   17 
10 17   27   66 
10 18   108   36 
10 19   66   29 
10 20   60   48 
11 12   34   17 
11 13   97   13 
11 14   105   52 
11 15   125   24 
11 16   102   59 
11 17   101   70 
11 18   129   16 
11 19   107   67 
11 20   75   74 
12 13   79   24 
12 14   26   44 
12 15   104   11 
12 16   147   46 
12 17   74   64 
12 18   141   63 
12 19   79   55 
12 20   135   47 
13 14   36   42 
13 15   36   25 
13 16   43   42 
13 17   143   42 
13 18   103   57 
13 19   46   30 
13 20   102   10 
14 15   66   48 
14 16   88   52 
14 17   143   15 
14 18   67   43 
14 19   58   64 
14 20   46   20 
15 16   69   62 
15 17   64   46 
15 18   77   66 
15 19   107   41 
15 20   107   22 
16 17   98   50 
16 18   127   75 
16 19   112   62 
16 20   117   28 
17 18   62   27 
17 19   30   18 
17 20   86   17 
18 19   83   20 
18 20   83   64 
19 20   122   18