30
1 2   104   19 
1 3   83   52 
1 4   140   15 
1 5   63   27 
1 6   23   37 
1 7   91   17 
1 8   59   27 
1 9   38   15 
1 10   92   68 
1 11   94   42 
1 12   25   28 
1 13   141   38 
1 14   126   10 
1 15   110   61 
1 16   55   44 
1 17   120   28 
1 18   90   37 
1 19   83   40 
1 20   76   19 
1 21   73   53 
1 22   66   61 
1 23   39   47 
1 24   127   63 
1 25   147   74 
1 26   65   17 
1 27   112   65 
1 28   68   27 
1 29   74   49 
1 30   40   47 
2 3   64   16 
2 4   97   10 
2 5   83   72 
2 6   122   69 
2 7   111   11 
2 8   73   75 
2 9   56   58 
2 10   36   75 
2 11   81   48 
2 12   141   15 
2 13   101   67 
2 14   115   39 
2 15   102   48 
2 16   149   45 
2 17   118   35 
2 18   29   31 
2 19   74   66 
2 20   48   37 
2 21   63   38 
2 22   40   63 
2 23   143   34 
2 24   45   32 
2 25   81   47 
2 26   71   50 
2 27   143   59 
2 28   101   15 
2 29   35   66 
2 30   80   61 
3 4   87   64 
3 5   111   18 
3 6   98   36 
3 7   82   12 
3 8   76   63 
3 9   21   32 
3 10   109   67 
3 11   129   28 
3 12   65   29 
3 13   71   37 
3 14   64   66 
3 15   31   33 
3 16   129   73 
3 17   66   67 
3 18   142   12 
3 19   34   59 
3 20   145   36 
3 21   27   63 
3 22   37   70 
3 23   84   65 
3 24   69   33 
3 25   136   38 
3 26   63   72 
3 27   70   28 
3 28   47   46 
3 29   135   26 
3 30   72   48 
4 5   42   69 
4 6   32   31 
4 7   140   48 
4 8   121   19 
4 9   131   30 
4 10   150   66 
4 11   140   15 
4 12   91   39 
4 13   42   59 
4 14   132   49 
4 15   136   39 
4 16   90   17 
4 17   74   34 
4 18   149   52 
4 19   66   65 
4 20   44   50 
4 21   132   33 
4 22   89   56 
4 23   101   30 
4 24   113   71 
4 25   47   63 
4 26   87   65 
4 27   141   66 
4 28   115   59 
4 29   39   50 
4 30   57   67 
5 6   122   50 
5 7   73   16 
5 8   141   51 
5 9   28   23 
5 10   100   57 
5 11   104   63 
5 12   148   53 
5 13   50   69 
5 14   59   66 
5 15   141   43 
5 16   114   52 
5 17   84   31 
5 18   98   14 
5 19   93   33 
5 20   136   50 
5 21   67   36 
5 22   30   11 
5 23   125   59 
5 24   96   73 
5 25   47   74 
5 26   62   12 
5 27   40   17 
5 28   29   38 
5 29   91   65 
5 30   87   34 
6 7   116   13 
6 8   48   14 
6 9   134   46 
6 10   141   63 
6 11   103   25 
6 12   146   64 
6 13   136   70 
6 14   27   50 
6 15   98   63 
6 16   70   72 
6 17   113   41 
6 18   95   70 
6 19   126   42 
6 20   21   40 
6 21   36   70 
6 22   76   72 
6 23   81   13 
6 24   87   39 
6 25   84   58 
6 26   96   30 
6 27   66   22 
6 28   119   45 
6 29   25   14 
6 30   46   64 
7 8   61   30 
7 9   42   11 
7 10   74   38 
7 11   100   65 
7 12   118   27 
7 13   96   44 
7 14   20   21 
7 15   108   50 
7 16   114   46 
7 17   35   20 
7 18   46   67 
7 19   50   35 
7 20   61   28 
7 21   44   67 
7 22   138   66 
7 23   24   61 
7 24   127   66 
7 25   88   15 
7 26   121   54 
7 27   28   39 
7 28   53   23 
7 29   141   10 
7 30   76   65 
8 9   23   11 
8 10   26   43 
8 11   68   35 
8 12   106   38 
8 13   29   30 
8 14   74   62 
8 15   140   66 
8 16   57   68 
8 17   146   51 
8 18   34   42 
8 19   34   19 
8 20   28   31 
8 21   96   12 
8 22   28   27 
8 23   91   14 
8 24   144   30 
8 25   30   26 
8 26   86   50 
8 27   66   67 
8 28   113   22 
8 29   121   15 
8 30   27   15 
9 10   71   36 
9 11   127   25 
9 12   127   55 
9 13   88   35 
9 14   82   66 
9 15   94   24 
9 16   52   39 
9 17   133   66 
9 18   96   58 
9 19   36   72 
9 20   70   42 
9 21   91   25 
9 22   123   48 
9 23   149   37 
9 24   40   39 
9 25   117   18 
9 26   127   22 
9 27   112   17 
9 28   104   13 
9 29   24   11 
9 30   76   28 
10 11   121   36 
10 12   117   68 
10 13   35   18 
10 14   78   21 
10 15   48   10 
10 16   80   46 
10 17   39   55 
10 18   116   46 
10 19   72   37 
10 20   109   68 
10 21   107   54 
10 22   36   14 
10 23   81   58 
10 24   145   11 
10 25   80   33 
10 26   106   54 
10 27   62   53 
10 28   59   15 
10 29   72   71 
10 30   124   18 
11 12   57   22 
11 13   42   27 
11 14   132   37 
11 15   73   29 
11 16   85   27 
11 17   123   75 
11 18   138   38 
11 19   113   24 
11 20   75   65 
11 21   114   40 
11 22   35   74 
11 23   26   18 
11 24   21   56 
11 25   98   37 
11 26   127   43 
11 27   102   29 
11 28   123   68 
11 29   90   39 
11 30   39   17 
12 13   137   11 
12 14   50   65 
12 15   62   12 
12 16   111   49 
12 17   76   22 
12 18   88   10 
12 19   42   23 
12 20   96   75 
12 21   57   21 
12 22   44   37 
12 23   83   20 
12 24   52   56 
12 25   130   24 
12 26   79   42 
12 27   60   49 
12 28   89   52 
12 29   46   51 
12 30   34   56 
13 14   117   10 
13 15   123   57 
13 16   121   41 
13 17   99   20 
13 18   108   40 
13 19   108   39 
13 20   91   33 
13 21   61   26 
13 22   92   59 
13 23   88   67 
13 24   121   60 
13 25   105   71 
13 26   66   23 
13 27   39   10 
13 28   144   44 
13 29   99   16 
13 30   123   14 
14 15   57   36 
14 16   85   22 
14 17   108   34 
14 18   103   25 
14 19   32   19 
14 20   39   23 
14 21   141   22 
14 22   110   51 
14 23   144   19 
14 24   91   72 
14 25   87   39 
14 26   55   47 
14 27   86   27 
14 28   144   37 
14 29   65   72 
14 30   75   27 
15 16   53   30 
15 17   119   18 
15 18   132   13 
15 19   141   30 
15 20   102   56 
15 21   34   58 
15 22   89   35 
15 23   71   62 
15 24   98   46 
15 25   91   26 
15 26   122   61 
15 27   70   44 
15 28   104   43 
15 29   39   54 
15 30   116   25 
16 17   43   57 
16 18   116   71 
16 19   133   29 
16 20   35   43 
16 21   125   13 
16 22   32   73 
16 23   42   73 
16 24   57   74 
16 25   104   18 
16 26   126   46 
16 27   24   34 
16 28   148   36 
16 29   29   24 
16 30   73   30 
17 18   139   26 
17 19   129   72 
17 20   142   35 
17 21   135   51 
17 22   62   27 
17 23   54   48 
17 24   64   38 
17 25   32   35 
17 26   117   72 
17 27   38   17 
17 28   127   12 
17 29   101   58 
17 30   133   33 
18 19   52   23 
18 20   46   74 
18 21   77   47 
18 22   134   54 
18 23   62   72 
18 24   35   26 
18 25   109   31 
18 26   139   62 
18 27   53   71 
18 28   59   32 
18 29   128   12 
18 30   102   26 
19 20   83   49 
19 21   108   28 
19 22   67   40 
19 23   107   45 
19 24   78   20 
19 25   23   10 
19 26   132   37 
19 27   32   13 
19 28   88   23 
19 29   101   16 
19 30   120   16 
20 21   57   26 
20 22   49   10 
20 23   80   15 
20 24   94   40 
20 25   126   29 
20 26   29   69 
20 27   33   18 
20 28   59   33 
20 29   45   49 
20 30   27   14 
21 22   113   66 
21 23   35   62 
21 24   101   12 
21 25   70   15 
21 26   121   19 
21 27   123   63 
21 28   24   42 
21 29   95   73 
21 30   53   60 
22 23   57   30 
22 24   138   37 
22 25   56   42 
22 26   48   35 
22 27   135   13 
22 28   95   44 
22 29   74   21 
22 30   24   39 
23 24   45   53 
23 25   104   58 
23 26   57   33 
23 27   79   15 
23 28   142   56 
23 29   146   22 
23 30   129   59 
24 25   104   10 
24 26   86   27 
24 27   58   42 
24 28   130   59 
24 29   128   45 
24 30   77   44 
25 26   27   43 
25 27   25   40 
25 28   77   31 
25 29   28   26 
25 30   121   49 
26 27   130   36 
26 28   118   12 
26 29   34   64 
26 30   23   17 
27 28   64   26 
27 29   73   24 
27 30   60   48 
28 29   129   27 
28 30   35   75 
29 30   33   12 