30
1 2   140   27 
1 3   143   59 
1 4   73   21 
1 5   96   34 
1 6   45   47 
1 7   71   10 
1 8   126   70 
1 9   38   31 
1 10   48   68 
1 11   105   33 
1 12   50   62 
1 13   26   53 
1 14   87   19 
1 15   126   10 
1 16   72   17 
1 17   61   49 
1 18   133   20 
1 19   73   61 
1 20   143   38 
1 21   142   10 
1 22   142   24 
1 23   89   50 
1 24   63   29 
1 25   58   27 
1 26   121   45 
1 27   81   25 
1 28   106   35 
1 29   79   36 
1 30   49   25 
2 3   85   55 
2 4   48   71 
2 5   126   52 
2 6   148   72 
2 7   128   45 
2 8   140   17 
2 9   62   25 
2 10   48   27 
2 11   49   17 
2 12   134   32 
2 13   22   48 
2 14   130   35 
2 15   32   50 
2 16   141   16 
2 17   126   47 
2 18   72   16 
2 19   84   50 
2 20   64   69 
2 21   126   17 
2 22   47   43 
2 23   55   35 
2 24   114   17 
2 25   131   21 
2 26   120   37 
2 27   127   18 
2 28   63   33 
2 29   44   60 
2 30   141   72 
3 4   127   52 
3 5   30   49 
3 6   92   53 
3 7   33   36 
3 8   45   17 
3 9   114   50 
3 10   101   44 
3 11   107   66 
3 12   109   54 
3 13   32   21 
3 14   141   10 
3 15   48   53 
3 16   97   72 
3 17   52   62 
3 18   86   38 
3 19   54   55 
3 20   119   31 
3 21   45   17 
3 22   103   18 
3 23   99   14 
3 24   118   59 
3 25   134   51 
3 26   115   71 
3 27   43   12 
3 28   46   59 
3 29   150   29 
3 30   112   22 
4 5   33   46 
4 6   106   61 
4 7   94   71 
4 8   93   70 
4 9   42   10 
4 10   86   50 
4 11   114   11 
4 12   47   57 
4 13   67   11 
4 14   96   37 
4 15   60   17 
4 16   70   57 
4 17   31   75 
4 18   55   54 
4 19   99   24 
4 20   106   28 
4 21   87   64 
4 22   126   57 
4 23   66   50 
4 24   101   16 
4 25   80   16 
4 26   61   37 
4 27   77   35 
4 28   32   73 
4 29   91   73 
4 30   132   54 
5 6   96   59 
5 7   105   16 
5 8   49   15 
5 9   64   46 
5 10   127   74 
5 11   108   52 
5 12   149   42 
5 13   86   33 
5 14   109   22 
5 15   66   25 
5 16   31   15 
5 17   116   55 
5 18   58   42 
5 19   31   33 
5 20   20   15 
5 21   121   23 
5 22   56   51 
5 23   64   61 
5 24   136   73 
5 25   53   22 
5 26   59   12 
5 27   43   36 
5 28   149   33 
5 29   111   25 
5 30   39   53 
6 7   57   73 
6 8   71   58 
6 9   114   20 
6 10   30   71 
6 11   78   16 
6 12   31   30 
6 13   129   40 
6 14   96   51 
6 15   54   61 
6 16   122   68 
6 17   68   62 
6 18   71   18 
6 19   98   59 
6 20   22   48 
6 21   30   56 
6 22   62   70 
6 23   87   13 
6 24   45   29 
6 25   89   26 
6 26   72   70 
6 27   91   44 
6 28   63   15 
6 29   41   30 
6 30   59   60 
7 8   123   34 
7 9   60   54 
7 10   28   21 
7 11   44   22 
7 12   23   50 
7 13   143   75 
7 14   51   51 
7 15   150   10 
7 16   142   14 
7 17   54   10 
7 18   148   22 
7 19   49   63 
7 20   39   59 
7 21   81   23 
7 22   73   54 
7 23   96   45 
7 24   99   26 
7 25   88   48 
7 26   62   63 
7 27   37   52 
7 28   22   54 
7 29   122   30 
7 30   54   46 
8 9   140   62 
8 10   139   47 
8 11   115   54 
8 12   92   47 
8 13   81   22 
8 14   53   67 
8 15   79   73 
8 16   42   12 
8 17   99   15 
8 18   90   25 
8 19   58   37 
8 20   76   61 
8 21   76   63 
8 22   55   14 
8 23   91   25 
8 24   137   53 
8 25   69   51 
8 26   127   52 
8 27   120   40 
8 28   94   41 
8 29   121   10 
8 30   110   39 
9 10   112   22 
9 11   99   74 
9 12   38   50 
9 13   127   20 
9 14   41   39 
9 15   86   34 
9 16   107   24 
9 17   79   32 
9 18   49   37 
9 19   96   46 
9 20   43   62 
9 21   108   21 
9 22   74   24 
9 23   82   74 
9 24   57   66 
9 25   76   62 
9 26   56   71 
9 27   115   75 
9 28   26   13 
9 29   66   68 
9 30   50   22 
10 11   47   60 
10 12   66   15 
10 13   133   42 
10 14   99   43 
10 15   28   26 
10 16   119   16 
10 17   117   31 
10 18   33   54 
10 19   90   10 
10 20   127   48 
10 21   30   19 
10 22   83   16 
10 23   137   69 
10 24   45   11 
10 25   107   25 
10 26   44   69 
10 27   96   57 
10 28   130   72 
10 29   75   48 
10 30   69   63 
11 12   132   51 
11 13   131   66 
11 14   60   56 
11 15   72   35 
11 16   72   36 
11 17   103   13 
11 18   102   47 
11 19   93   59 
11 20   136   24 
11 21   62   29 
11 22   146   40 
11 23   76   44 
11 24   134   49 
11 25   131   40 
11 26   91   65 
11 27   44   58 
11 28   43   64 
11 29   27   48 
11 30   127   66 
12 13   41   10 
12 14   88   59 
12 15   20   18 
12 16   131   38 
12 17   123   58 
12 18   87   70 
12 19   80   10 
12 20   54   11 
12 21   48   19 
12 22   29   21 
12 23   61   23 
12 24   33   13 
12 25   113   27 
12 26   115   12 
12 27   102   20 
12 28   141   66 
12 29   137   47 
12 30   118   42 
13 14   104   19 
13 15   33   39 
13 16   124   61 
13 17   43   71 
13 18   48   56 
13 19   123   24 
13 20   132   13 
13 21   79   72 
13 22   125   47 
13 23   144   73 
13 24   56   12 
13 25   88   42 
13 26   59   42 
13 27   58   53 
13 28   38   16 
13 29   61   39 
13 30   26   30 
14 15   145   72 
14 16   49   24 
14 17   101   46 
14 18   132   45 
14 19   139   54 
14 20   106   38 
14 21   124   50 
14 22   35   67 
14 23   99   74 
14 24   25   19 
14 25   126   55 
14 26   56   51 
14 27   133   71 
14 28   30   63 
14 29   128   63 
14 30   58   21 
15 16   118   43 
15 17   139   46 
15 18   31   20 
15 19   40   65 
15 20   105   49 
15 21   28   28 
15 22   132   30 
15 23   92   40 
15 24   124   52 
15 25   120   42 
15 26   94   21 
15 27   113   59 
15 28   104   26 
15 29   114   50 
15 30   139   70 
16 17   140   37 
16 18   103   14 
16 19   60   56 
16 20   112   29 
16 21   79   62 
16 22   70   66 
16 23   99   30 
16 24   26   57 
16 25   50   19 
16 26   105   23 
16 27   100   32 
16 28   131   25 
16 29   30   51 
16 30   132   42 
17 18   94   72 
17 19   51   72 
17 20   123   57 
17 21   106   22 
17 22   107   49 
17 23   45   74 
17 24   87   56 
17 25   74   12 
17 26   116   71 
17 27   108   74 
17 28   82   63 
17 29   35   23 
17 30   46   24 
18 19   36   71 
18 20   59   12 
18 21   139   17 
18 22   65   32 
18 23   44   10 
18 24   31   11 
18 25   118   14 
18 26   21   28 
18 27   68   45 
18 28   79   72 
18 29   45   64 
18 30   70   34 
19 20   116   25 
19 21   89   25 
19 22   67   46 
19 23   56   36 
19 24   104   66 
19 25   101   51 
19 26   54   24 
19 27   88   41 
19 28   36   21 
19 29   94   20 
19 30   147   69 
20 21   58   33 
20 22   120   20 
20 23   126   51 
20 24   40   14 
20 25   26   47 
20 26   141   18 
20 27   62   60 
20 28   62   39 
20 29   123   56 
20 30   108   41 
21 22   34   59 
21 23   134   45 
21 24   125   30 
21 25   148   54 
21 26   101   52 
21 27   82   52 
21 28   55   55 
21 29   68   69 
21 30   96   55 
22 23   60   47 
22 24   101   36 
22 25   130   63 
22 26   38   24 
22 27   146   47 
22 28   104   63 
22 29   80   12 
22 30   129   14 
23 24   127   54 
23 25   86   34 
23 26   89   16 
23 27   54   62 
23 28   114   15 
23 29   91   31 
23 30   61   44 
24 25   79   41 
24 26   43   72 
24 27   84   66 
24 28   24   31 
24 29   28   65 
24 30   71   67 
25 26   29   38 
25 27   46   24 
25 28   64   44 
25 29   100   16 
25 30   41   36 
26 27   42   48 
26 28   141   50 
26 29   147   40 
26 30   46   30 
27 28   111   51 
27 29   22   28 
27 30   138   28 
28 29   93   11 
28 30   58   53 
29 30   46   70 