30
1 2   55   56 
1 3   138   46 
1 4   42   17 
1 5   104   37 
1 6   144   58 
1 7   89   24 
1 8   25   31 
1 9   35   72 
1 10   132   37 
1 11   69   59 
1 12   34   18 
1 13   75   58 
1 14   62   27 
1 15   75   47 
1 16   23   56 
1 17   84   16 
1 18   23   14 
1 19   95   40 
1 20   123   24 
1 21   50   75 
1 22   52   50 
1 23   114   44 
1 24   118   69 
1 25   56   49 
1 26   144   72 
1 27   116   21 
1 28   99   36 
1 29   118   55 
1 30   37   34 
2 3   28   52 
2 4   30   23 
2 5   29   12 
2 6   97   48 
2 7   65   66 
2 8   147   65 
2 9   98   71 
2 10   57   75 
2 11   73   72 
2 12   133   43 
2 13   34   74 
2 14   36   70 
2 15   144   14 
2 16   111   23 
2 17   77   39 
2 18   61   29 
2 19   130   72 
2 20   84   49 
2 21   106   42 
2 22   88   66 
2 23   95   15 
2 24   49   11 
2 25   121   13 
2 26   37   74 
2 27   57   56 
2 28   60   73 
2 29   89   31 
2 30   35   56 
3 4   39   54 
3 5   34   60 
3 6   67   39 
3 7   83   70 
3 8   74   20 
3 9   63   61 
3 10   24   21 
3 11   120   67 
3 12   117   36 
3 13   142   71 
3 14   24   42 
3 15   52   18 
3 16   47   51 
3 17   41   40 
3 18   58   20 
3 19   108   31 
3 20   91   25 
3 21   38   47 
3 22   84   69 
3 23   101   44 
3 24   83   45 
3 25   135   74 
3 26   140   42 
3 27   145   52 
3 28   26   71 
3 29   60   56 
3 30   33   27 
4 5   93   61 
4 6   116   12 
4 7   116   73 
4 8   88   53 
4 9   121   35 
4 10   50   75 
4 11   56   51 
4 12   22   28 
4 13   132   29 
4 14   31   28 
4 15   87   46 
4 16   135   12 
4 17   120   60 
4 18   40   41 
4 19   69   11 
4 20   116   69 
4 21   94   21 
4 22   62   34 
4 23   99   19 
4 24   113   54 
4 25   124   75 
4 26   75   29 
4 27   132   51 
4 28   76   16 
4 29   38   14 
4 30   20   45 
5 6   61   65 
5 7   86   44 
5 8   90   14 
5 9   76   16 
5 10   84   48 
5 11   53   70 
5 12   112   26 
5 13   37   33 
5 14   70   30 
5 15   89   33 
5 16   72   53 
5 17   109   30 
5 18   98   47 
5 19   43   44 
5 20   67   47 
5 21   48   70 
5 22   126   24 
5 23   56   70 
5 24   42   56 
5 25   86   12 
5 26   61   22 
5 27   65   24 
5 28   39   71 
5 29   87   34 
5 30   70   48 
6 7   141   50 
6 8   94   50 
6 9   84   19 
6 10   105   70 
6 11   138   49 
6 12   22   35 
6 13   91   44 
6 14   124   49 
6 15   109   51 
6 16   87   43 
6 17   77   13 
6 18   140   75 
6 19   70   28 
6 20   144   63 
6 21   140   18 
6 22   91   73 
6 23   90   50 
6 24   48   66 
6 25   141   41 
6 26   48   13 
6 27   50   27 
6 28   140   48 
6 29   54   56 
6 30   122   32 
7 8   119   27 
7 9   98   22 
7 10   39   64 
7 11   25   22 
7 12   114   21 
7 13   27   35 
7 14   51   62 
7 15   150   21 
7 16   20   26 
7 17   146   75 
7 18   33   66 
7 19   143   70 
7 20   95   45 
7 21   61   43 
7 22   119   59 
7 23   133   28 
7 24   51   12 
7 25   74   14 
7 26   142   48 
7 27   105   62 
7 28   33   52 
7 29   149   13 
7 30   116   52 
8 9   145   49 
8 10   106   59 
8 11   43   60 
8 12   85   34 
8 13   117   48 
8 14   72   39 
8 15   71   59 
8 16   106   38 
8 17   25   49 
8 18   73   10 
8 19   30   21 
8 20   55   42 
8 21   147   61 
8 22   38   61 
8 23   39   39 
8 24   30   69 
8 25   114   22 
8 26   32   24 
8 27   110   27 
8 28   138   61 
8 29   27   24 
8 30   55   24 
9 10   94   74 
9 11   132   73 
9 12   64   49 
9 13   116   37 
9 14   33   30 
9 15   95   49 
9 16   70   68 
9 17   58   38 
9 18   131   61 
9 19   96   48 
9 20   114   39 
9 21   129   66 
9 22   37   11 
9 23   54   70 
9 24   36   20 
9 25   127   23 
9 26   33   70 
9 27   150   68 
9 28   26   15 
9 29   89   57 
9 30   22   10 
10 11   31   70 
10 12   147   31 
10 13   41   27 
10 14   146   74 
10 15   58   10 
10 16   122   12 
10 17   45   48 
10 18   147   37 
10 19   119   73 
10 20   107   68 
10 21   96   15 
10 22   142   65 
10 23   96   65 
10 24   128   71 
10 25   136   17 
10 26   46   63 
10 27   142   12 
10 28   118   17 
10 29   96   33 
10 30   31   56 
11 12   57   62 
11 13   55   39 
11 14   137   57 
11 15   122   23 
11 16   41   12 
11 17   84   74 
11 18   90   21 
11 19   116   44 
11 20   29   38 
11 21   44   59 
11 22   143   70 
11 23   125   60 
11 24   82   22 
11 25   59   69 
11 26   45   12 
11 27   114   40 
11 28   147   16 
11 29   131   39 
11 30   109   36 
12 13   119   50 
12 14   105   49 
12 15   102   70 
12 16   53   54 
12 17   48   47 
12 18   112   54 
12 19   94   29 
12 20   58   54 
12 21   121   51 
12 22   115   28 
12 23   45   51 
12 24   114   54 
12 25   35   42 
12 26   110   45 
12 27   54   32 
12 28   35   63 
12 29   31   21 
12 30   102   58 
13 14   33   20 
13 15   59   19 
13 16   137   70 
13 17   100   71 
13 18   84   20 
13 19   95   58 
13 20   38   55 
13 21   60   71 
13 22   93   20 
13 23   61   37 
13 24   22   66 
13 25   71   35 
13 26   132   62 
13 27   58   32 
13 28   75   16 
13 29   110   61 
13 30   128   41 
14 15   55   15 
14 16   116   17 
14 17   35   28 
14 18   46   56 
14 19   93   52 
14 20   124   38 
14 21   76   27 
14 22   56   38 
14 23   103   56 
14 24   89   47 
14 25   78   65 
14 26   120   13 
14 27   144   35 
14 28   142   57 
14 29   65   62 
14 30   97   30 
15 16   132   30 
15 17   28   44 
15 18   45   75 
15 19   47   72 
15 20   115   51 
15 21   84   74 
15 22   129   60 
15 23   144   58 
15 24   137   33 
15 25   58   15 
15 26   122   63 
15 27   88   20 
15 28   20   65 
15 29   26   69 
15 30   32   21 
16 17   73   12 
16 18   62   23 
16 19   57   64 
16 20   28   30 
16 21   129   32 
16 22   88   55 
16 23   127   10 
16 24   79   26 
16 25   111   50 
16 26   57   52 
16 27   70   11 
16 28   60   11 
16 29   82   73 
16 30   150   18 
17 18   92   38 
17 19   72   42 
17 20   117   63 
17 21   32   21 
17 22   108   32 
17 23   87   52 
17 24   136   14 
17 25   48   54 
17 26   150   75 
17 27   97   64 
17 28   60   62 
17 29   144   52 
17 30   45   34 
18 19   70   64 
18 20   116   22 
18 21   90   12 
18 22   138   32 
18 23   118   28 
18 24   97   58 
18 25   107   52 
18 26   138   56 
18 27   20   51 
18 28   50   31 
18 29   23   50 
18 30   121   22 
19 20   108   34 
19 21   57   30 
19 22   111   37 
19 23   31   59 
19 24   38   25 
19 25   106   36 
19 26   67   36 
19 27   52   27 
19 28   65   74 
19 29   142   16 
19 30   108   68 
20 21   42   22 
20 22   149   20 
20 23   149   25 
20 24   65   64 
20 25   50   15 
20 26   118   15 
20 27   79   37 
20 28   48   45 
20 29   88   74 
20 30   136   67 
21 22   124   74 
21 23   141   53 
21 24   120   43 
21 25   123   18 
21 26   128   32 
21 27   123   24 
21 28   110   49 
21 29   106   43 
21 30   31   24 
22 23   51   36 
22 24   108   26 
22 25   109   48 
22 26   100   25 
22 27   52   46 
22 28   74   37 
22 29   89   28 
22 30   92   74 
23 24   116   55 
23 25   115   16 
23 26   70   33 
23 27   56   15 
23 28   54   24 
23 29   111   25 
23 30   43   70 
24 25   43   31 
24 26   90   48 
24 27   125   72 
24 28   70   66 
24 29   66   49 
24 30   66   59 
25 26   85   64 
25 27   78   27 
25 28   117   50 
25 29   85   58 
25 30   45   44 
26 27   64   24 
26 28   30   68 
26 29   79   12 
26 30   24   17 
27 28   118   18 
27 29   105   57 
27 30   121   12 
28 29   43   13 
28 30   106   59 
29 30   43   48 