30
1 2   67   34 
1 3   24   10 
1 4   116   52 
1 5   107   31 
1 6   29   58 
1 7   103   61 
1 8   98   75 
1 9   83   68 
1 10   123   10 
1 11   88   62 
1 12   40   49 
1 13   23   69 
1 14   117   60 
1 15   58   24 
1 16   99   68 
1 17   38   35 
1 18   95   55 
1 19   36   15 
1 20   21   56 
1 21   83   32 
1 22   143   53 
1 23   81   73 
1 24   64   32 
1 25   23   65 
1 26   64   49 
1 27   95   56 
1 28   117   15 
1 29   68   18 
1 30   113   67 
2 3   94   69 
2 4   23   56 
2 5   37   38 
2 6   129   26 
2 7   105   26 
2 8   144   41 
2 9   58   59 
2 10   113   10 
2 11   134   40 
2 12   120   61 
2 13   92   59 
2 14   148   72 
2 15   128   51 
2 16   123   22 
2 17   122   45 
2 18   29   29 
2 19   147   35 
2 20   32   50 
2 21   39   34 
2 22   146   61 
2 23   139   15 
2 24   88   40 
2 25   78   62 
2 26   33   74 
2 27   51   39 
2 28   119   66 
2 29   83   53 
2 30   99   73 
3 4   80   22 
3 5   36   65 
3 6   44   16 
3 7   22   74 
3 8   77   66 
3 9   116   14 
3 10   110   22 
3 11   116   17 
3 12   49   66 
3 13   41   44 
3 14   29   68 
3 15   74   26 
3 16   102   48 
3 17   22   14 
3 18   69   38 
3 19   119   25 
3 20   100   66 
3 21   137   31 
3 22   134   50 
3 23   51   43 
3 24   142   58 
3 25   139   28 
3 26   96   72 
3 27   22   52 
3 28   65   20 
3 29   71   44 
3 30   54   63 
4 5   24   66 
4 6   32   12 
4 7   145   51 
4 8   113   46 
4 9   144   53 
4 10   38   14 
4 11   149   16 
4 12   84   34 
4 13   110   46 
4 14   93   24 
4 15   102   54 
4 16   116   73 
4 17   74   12 
4 18   58   36 
4 19   66   71 
4 20   134   26 
4 21   20   11 
4 22   132   48 
4 23   113   31 
4 24   93   48 
4 25   76   52 
4 26   110   41 
4 27   65   73 
4 28   90   64 
4 29   33   52 
4 30   66   50 
5 6   134   45 
5 7   31   68 
5 8   69   30 
5 9   51   26 
5 10   28   69 
5 11   83   16 
5 12   119   11 
5 13   61   21 
5 14   31   35 
5 15   110   64 
5 16   55   54 
5 17   50   68 
5 18   113   70 
5 19   53   11 
5 20   146   36 
5 21   50   43 
5 22   94   23 
5 23   87   55 
5 24   86   43 
5 25   44   23 
5 26   140   51 
5 27   26   16 
5 28   102   30 
5 29   70   33 
5 30   81   47 
6 7   104   46 
6 8   24   48 
6 9   35   16 
6 10   76   51 
6 11   90   42 
6 12   57   67 
6 13   43   10 
6 14   70   59 
6 15   110   60 
6 16   122   19 
6 17   67   54 
6 18   73   24 
6 19   107   71 
6 20   134   25 
6 21   59   70 
6 22   40   34 
6 23   81   37 
6 24   38   72 
6 25   64   72 
6 26   66   57 
6 27   87   68 
6 28   112   36 
6 29   150   72 
6 30   147   17 
7 8   120   39 
7 9   140   55 
7 10   52   35 
7 11   28   67 
7 12   90   53 
7 13   84   67 
7 14   83   11 
7 15   142   39 
7 16   128   34 
7 17   97   30 
7 18   62   61 
7 19   22   33 
7 20   33   48 
7 21   27   74 
7 22   101   39 
7 23   144   25 
7 24   142   62 
7 25   119   55 
7 26   77   34 
7 27   70   32 
7 28   101   60 
7 29   56   59 
7 30   75   61 
8 9   129   74 
8 10   54   70 
8 11   128   13 
8 12   78   49 
8 13   120   38 
8 14   106   75 
8 15   65   17 
8 16   29   44 
8 17   101   36 
8 18   50   26 
8 19   20   29 
8 20   54   58 
8 21   139   20 
8 22   34   31 
8 23   21   75 
8 24   138   49 
8 25   101   33 
8 26   23   19 
8 27   134   65 
8 28   69   35 
8 29   108   67 
8 30   45   25 
9 10   122   74 
9 11   107   53 
9 12   50   14 
9 13   30   54 
9 14   112   60 
9 15   58   66 
9 16   22   42 
9 17   119   72 
9 18   82   73 
9 19   67   12 
9 20   94   64 
9 21   27   50 
9 22   26   74 
9 23   144   27 
9 24   141   40 
9 25   87   40 
9 26   34   14 
9 27   90   14 
9 28   94   57 
9 29   48   66 
9 30   105   67 
10 11   57   24 
10 12   53   75 
10 13   92   74 
10 14   127   62 
10 15   109   31 
10 16   117   40 
10 17   100   27 
10 18   92   73 
10 19   75   17 
10 20   38   57 
10 21   148   14 
10 22   66   69 
10 23   110   59 
10 24   50   27 
10 25   149   46 
10 26   59   67 
10 27   143   71 
10 28   80   53 
10 29   73   11 
10 30   81   37 
11 12   56   68 
11 13   125   35 
11 14   95   41 
11 15   69   59 
11 16   25   49 
11 17   140   27 
11 18   143   59 
11 19   73   21 
11 20   96   34 
11 21   45   47 
11 22   71   10 
11 23   126   70 
11 24   38   31 
11 25   48   68 
11 26   105   33 
11 27   50   62 
11 28   26   53 
11 29   87   19 
11 30   126   10 
12 13   72   17 
12 14   61   49 
12 15   133   20 
12 16   73   61 
12 17   143   38 
12 18   142   10 
12 19   142   24 
12 20   89   50 
12 21   63   29 
12 22   58   27 
12 23   121   45 
12 24   81   25 
12 25   106   35 
12 26   79   36 
12 27   49   25 
12 28   85   55 
12 29   48   71 
12 30   126   52 
13 14   148   72 
13 15   128   45 
13 16   140   17 
13 17   62   25 
13 18   48   27 
13 19   49   17 
13 20   134   32 
13 21   22   48 
13 22   130   35 
13 23   32   50 
13 24   141   16 
13 25   126   47 
13 26   72   16 
13 27   84   50 
13 28   64   69 
13 29   126   17 
13 30   47   43 
14 15   55   35 
14 16   114   17 
14 17   131   21 
14 18   120   37 
14 19   127   18 
14 20   63   33 
14 21   44   60 
14 22   141   72 
14 23   127   52 
14 24   30   49 
14 25   92   53 
14 26   33   36 
14 27   45   17 
14 28   114   50 
14 29   101   44 
14 30   107   66 
15 16   109   54 
15 17   32   21 
15 18   141   10 
15 19   48   53 
15 20   97   72 
15 21   52   62 
15 22   86   38 
15 23   54   55 
15 24   119   31 
15 25   45   17 
15 26   103   18 
15 27   99   14 
15 28   118   59 
15 29   134   51 
15 30   115   71 
16 17   43   12 
16 18   46   59 
16 19   150   29 
16 20   112   22 
16 21   33   46 
16 22   106   61 
16 23   94   71 
16 24   93   70 
16 25   42   10 
16 26   86   50 
16 27   114   11 
16 28   47   57 
16 29   67   11 
16 30   96   37 
17 18   60   17 
17 19   70   57 
17 20   31   75 
17 21   55   54 
17 22   99   24 
17 23   106   28 
17 24   87   64 
17 25   126   57 
17 26   66   50 
17 27   101   16 
17 28   80   16 
17 29   61   37 
17 30   77   35 
18 19   32   73 
18 20   91   73 
18 21   132   54 
18 22   96   59 
18 23   105   16 
18 24   49   15 
18 25   64   46 
18 26   127   74 
18 27   108   52 
18 28   149   42 
18 29   86   33 
18 30   109   22 
19 20   66   25 
19 21   31   15 
19 22   116   55 
19 23   58   42 
19 24   31   33 
19 25   20   15 
19 26   121   23 
19 27   56   51 
19 28   64   61 
19 29   136   73 
19 30   53   22 
20 21   59   12 
20 22   43   36 
20 23   149   33 
20 24   111   25 
20 25   39   53 
20 26   57   73 
20 27   71   58 
20 28   114   20 
20 29   30   71 
20 30   78   16 
21 22   31   30 
21 23   129   40 
21 24   96   51 
21 25   54   61 
21 26   122   68 
21 27   68   62 
21 28   71   18 
21 29   98   59 
21 30   22   48 
22 23   30   56 
22 24   62   70 
22 25   87   13 
22 26   45   29 
22 27   89   26 
22 28   72   70 
22 29   91   44 
22 30   63   15 
23 24   41   30 
23 25   59   60 
23 26   123   34 
23 27   60   54 
23 28   28   21 
23 29   44   22 
23 30   23   50 
24 25   143   75 
24 26   51   51 
24 27   150   10 
24 28   142   14 
24 29   54   10 
24 30   148   22 
25 26   49   63 
25 27   39   59 
25 28   81   23 
25 29   73   54 
25 30   96   45 
26 27   99   26 
26 28   88   48 
26 29   62   63 
26 30   37   52 
27 28   22   54 
27 29   122   30 
27 30   54   46 
28 29   140   62 
28 30   139   47 
29 30   115   54 