30
1 2   45   32 
1 3   81   47 
1 4   71   50 
1 5   143   59 
1 6   101   15 
1 7   35   66 
1 8   80   61 
1 9   87   64 
1 10   111   18 
1 11   98   36 
1 12   82   12 
1 13   76   63 
1 14   21   32 
1 15   109   67 
1 16   129   28 
1 17   65   29 
1 18   71   37 
1 19   64   66 
1 20   31   33 
1 21   129   73 
1 22   66   67 
1 23   142   12 
1 24   34   59 
1 25   145   36 
1 26   27   63 
1 27   37   70 
1 28   84   65 
1 29   69   33 
1 30   136   38 
2 3   63   72 
2 4   70   28 
2 5   47   46 
2 6   135   26 
2 7   72   48 
2 8   42   69 
2 9   32   31 
2 10   140   48 
2 11   121   19 
2 12   131   30 
2 13   150   66 
2 14   140   15 
2 15   91   39 
2 16   42   59 
2 17   132   49 
2 18   136   39 
2 19   90   17 
2 20   74   34 
2 21   149   52 
2 22   66   65 
2 23   44   50 
2 24   132   33 
2 25   89   56 
2 26   101   30 
2 27   113   71 
2 28   47   63 
2 29   87   65 
2 30   141   66 
3 4   115   59 
3 5   39   50 
3 6   57   67 
3 7   122   50 
3 8   73   16 
3 9   141   51 
3 10   28   23 
3 11   100   57 
3 12   104   63 
3 13   148   53 
3 14   50   69 
3 15   59   66 
3 16   141   43 
3 17   114   52 
3 18   84   31 
3 19   98   14 
3 20   93   33 
3 21   136   50 
3 22   67   36 
3 23   30   11 
3 24   125   59 
3 25   96   73 
3 26   47   74 
3 27   62   12 
3 28   40   17 
3 29   29   38 
3 30   91   65 
4 5   87   34 
4 6   116   13 
4 7   48   14 
4 8   134   46 
4 9   141   63 
4 10   103   25 
4 11   146   64 
4 12   136   70 
4 13   27   50 
4 14   98   63 
4 15   70   72 
4 16   113   41 
4 17   95   70 
4 18   126   42 
4 19   21   40 
4 20   36   70 
4 21   76   72 
4 22   81   13 
4 23   87   39 
4 24   84   58 
4 25   96   30 
4 26   66   22 
4 27   119   45 
4 28   25   14 
4 29   46   64 
4 30   61   30 
5 6   42   11 
5 7   74   38 
5 8   100   65 
5 9   118   27 
5 10   96   44 
5 11   20   21 
5 12   108   50 
5 13   114   46 
5 14   35   20 
5 15   46   67 
5 16   50   35 
5 17   61   28 
5 18   44   67 
5 19   138   66 
5 20   24   61 
5 21   127   66 
5 22   88   15 
5 23   121   54 
5 24   28   39 
5 25   53   23 
5 26   141   10 
5 27   76   65 
5 28   23   11 
5 29   26   43 
5 30   68   35 
6 7   106   38 
6 8   29   30 
6 9   74   62 
6 10   140   66 
6 11   57   68 
6 12   146   51 
6 13   34   42 
6 14   34   19 
6 15   28   31 
6 16   96   12 
6 17   28   27 
6 18   91   14 
6 19   144   30 
6 20   30   26 
6 21   86   50 
6 22   66   67 
6 23   113   22 
6 24   121   15 
6 25   27   15 
6 26   71   36 
6 27   127   25 
6 28   127   55 
6 29   88   35 
6 30   82   66 
7 8   94   24 
7 9   52   39 
7 10   133   66 
7 11   96   58 
7 12   36   72 
7 13   70   42 
7 14   91   25 
7 15   123   48 
7 16   149   37 
7 17   40   39 
7 18   117   18 
7 19   127   22 
7 20   112   17 
7 21   104   13 
7 22   24   11 
7 23   76   28 
7 24   121   36 
7 25   117   68 
7 26   35   18 
7 27   78   21 
7 28   48   10 
7 29   80   46 
7 30   39   55 
8 9   116   46 
8 10   72   37 
8 11   109   68 
8 12   107   54 
8 13   36   14 
8 14   81   58 
8 15   145   11 
8 16   80   33 
8 17   106   54 
8 18   62   53 
8 19   59   15 
8 20   72   71 
8 21   124   18 
8 22   57   22 
8 23   42   27 
8 24   132   37 
8 25   73   29 
8 26   85   27 
8 27   123   75 
8 28   138   38 
8 29   113   24 
8 30   75   65 
9 10   114   40 
9 11   35   74 
9 12   26   18 
9 13   21   56 
9 14   98   37 
9 15   127   43 
9 16   102   29 
9 17   123   68 
9 18   90   39 
9 19   39   17 
9 20   137   11 
9 21   50   65 
9 22   62   12 
9 23   111   49 
9 24   76   22 
9 25   88   10 
9 26   42   23 
9 27   96   75 
9 28   57   21 
9 29   44   37 
9 30   83   20 
10 11   52   56 
10 12   130   24 
10 13   79   42 
10 14   60   49 
10 15   89   52 
10 16   46   51 
10 17   34   56 
10 18   117   10 
10 19   123   57 
10 20   121   41 
10 21   99   20 
10 22   108   40 
10 23   108   39 
10 24   91   33 
10 25   61   26 
10 26   92   59 
10 27   88   67 
10 28   121   60 
10 29   105   71 
10 30   66   23 
11 12   39   10 
11 13   144   44 
11 14   99   16 
11 15   123   14 
11 16   57   36 
11 17   85   22 
11 18   108   34 
11 19   103   25 
11 20   32   19 
11 21   39   23 
11 22   141   22 
11 23   110   51 
11 24   144   19 
11 25   91   72 
11 26   87   39 
11 27   55   47 
11 28   86   27 
11 29   144   37 
11 30   65   72 
12 13   75   27 
12 14   53   30 
12 15   119   18 
12 16   132   13 
12 17   141   30 
12 18   102   56 
12 19   34   58 
12 20   89   35 
12 21   71   62 
12 22   98   46 
12 23   91   26 
12 24   122   61 
12 25   70   44 
12 26   104   43 
12 27   39   54 
12 28   116   25 
12 29   43   57 
12 30   116   71 
13 14   133   29 
13 15   35   43 
13 16   125   13 
13 17   32   73 
13 18   42   73 
13 19   57   74 
13 20   104   18 
13 21   126   46 
13 22   24   34 
13 23   148   36 
13 24   29   24 
13 25   73   30 
13 26   139   26 
13 27   129   72 
13 28   142   35 
13 29   135   51 
13 30   62   27 
14 15   54   48 
14 16   64   38 
14 17   32   35 
14 18   117   72 
14 19   38   17 
14 20   127   12 
14 21   101   58 
14 22   133   33 
14 23   52   23 
14 24   46   74 
14 25   77   47 
14 26   134   54 
14 27   62   72 
14 28   35   26 
14 29   109   31 
14 30   139   62 
15 16   53   71 
15 17   59   32 
15 18   128   12 
15 19   102   26 
15 20   83   49 
15 21   108   28 
15 22   67   40 
15 23   107   45 
15 24   78   20 
15 25   23   10 
15 26   132   37 
15 27   32   13 
15 28   88   23 
15 29   101   16 
15 30   120   16 
16 17   57   26 
16 18   49   10 
16 19   80   15 
16 20   94   40 
16 21   126   29 
16 22   29   69 
16 23   33   18 
16 24   59   33 
16 25   45   49 
16 26   27   14 
16 27   113   66 
16 28   35   62 
16 29   101   12 
16 30   70   15 
17 18   121   19 
17 19   123   63 
17 20   24   42 
17 21   95   73 
17 22   53   60 
17 23   57   30 
17 24   138   37 
17 25   56   42 
17 26   48   35 
17 27   135   13 
17 28   95   44 
17 29   74   21 
17 30   24   39 
18 19   45   53 
18 20   104   58 
18 21   57   33 
18 22   79   15 
18 23   142   56 
18 24   146   22 
18 25   129   59 
18 26   104   10 
18 27   86   27 
18 28   58   42 
18 29   130   59 
18 30   128   45 
19 20   77   44 
19 21   27   43 
19 22   25   40 
19 23   77   31 
19 24   28   26 
19 25   121   49 
19 26   130   36 
19 27   118   12 
19 28   34   64 
19 29   23   17 
19 30   64   26 
20 21   73   24 
20 22   60   48 
20 23   129   27 
20 24   35   75 
20 25   33   12 
20 26   43   69 
20 27   46   71 
20 28   138   22 
20 29   94   43 
20 30   108   26 
21 22   76   72 
21 23   118   64 
21 24   119   40 
21 25   73   24 
21 26   99   21 
21 27   66   46 
21 28   28   57 
21 29   24   64 
21 30   59   38 
22 23   35   51 
22 24   135   63 
22 25   97   69 
22 26   135   69 
22 27   33   67 
22 28   38   72 
22 29   87   58 
22 30   71   63 
23 24   79   66 
23 25   66   35 
23 26   40   60 
23 27   84   55 
23 28   93   69 
23 29   69   47 
23 30   111   65 
24 25   146   71 
24 26   115   14 
24 27   92   52 
24 28   115   22 
24 29   40   71 
24 30   44   73 
25 26   43   48 
25 27   21   28 
25 28   94   47 
25 29   56   15 
25 30   82   42 
26 27   79   15 
26 28   68   69 
26 29   140   31 
26 30   116   63 
27 28   52   11 
27 29   127   47 
27 30   57   54 
28 29   75   33 
28 30   97   10 
29 30   71   50 