50
1 2   77   52 
1 3   29   48 
1 4   35   55 
1 5   110   12 
1 6   49   40 
1 7   50   73 
1 8   136   48 
1 9   105   40 
1 10   129   30 
1 11   115   12 
1 12   147   38 
1 13   22   42 
1 14   35   45 
1 15   88   30 
1 16   148   29 
1 17   128   40 
1 18   87   61 
1 19   106   51 
1 20   84   39 
1 21   36   23 
1 22   134   15 
1 23   39   11 
1 24   25   46 
1 25   143   14 
1 26   42   49 
1 27   104   23 
1 28   120   43 
1 29   29   59 
1 30   84   64 
1 31   92   11 
1 32   132   35 
1 33   54   29 
1 34   55   24 
1 35   32   22 
1 36   62   57 
1 37   123   23 
1 38   110   46 
1 39   39   34 
1 40   66   48 
1 41   148   16 
1 42   116   11 
1 43   46   20 
1 44   149   16 
1 45   130   58 
1 46   44   46 
1 47   68   22 
1 48   119   69 
1 49   126   16 
1 50   88   27 
2 3   21   23 
2 4   43   62 
2 5   118   75 
2 6   146   41 
2 7   48   13 
2 8   57   11 
2 9   90   17 
2 10   99   37 
2 11   93   42 
2 12   26   15 
2 13   94   45 
2 14   144   20 
2 15   51   26 
2 16   85   56 
2 17   39   35 
2 18   45   66 
2 19   107   26 
2 20   35   14 
2 21   29   43 
2 22   25   64 
2 23   73   15 
2 24   121   66 
2 25   41   59 
2 26   74   34 
2 27   108   23 
2 28   38   71 
2 29   139   28 
2 30   92   31 
2 31   86   56 
2 32   143   15 
2 33   63   51 
2 34   26   69 
2 35   48   37 
2 36   129   54 
2 37   110   62 
2 38   103   38 
2 39   79   60 
2 40   104   60 
2 41   92   26 
2 42   137   29 
2 43   113   73 
2 44   135   55 
2 45   73   25 
2 46   29   44 
2 47   43   48 
2 48   47   43 
2 49   43   38 
2 50   85   59 
3 4   126   23 
3 5   140   74 
3 6   129   23 
3 7   38   20 
3 8   21   68 
3 9   150   40 
3 10   58   75 
3 11   92   25 
3 12   21   47 
3 13   90   58 
3 14   148   74 
3 15   122   32 
3 16   90   47 
3 17   125   68 
3 18   85   71 
3 19   106   67 
3 20   106   54 
3 21   64   17 
3 22   130   52 
3 23   150   44 
3 24   87   14 
3 25   133   53 
3 26   89   34 
3 27   143   53 
3 28   20   13 
3 29   71   60 
3 30   140   54 
3 31   56   68 
3 32   92   39 
3 33   89   75 
3 34   81   26 
3 35   55   22 
3 36   102   64 
3 37   93   18 
3 38   145   59 
3 39   81   60 
3 40   127   70 
3 41   32   31 
3 42   26   36 
3 43   115   24 
3 44   114   43 
3 45   48   27 
3 46   117   12 
3 47   73   66 
3 48   97   13 
3 49   75   19 
3 50   143   54 
4 5   141   26 
4 6   52   27 
4 7   74   34 
4 8   129   45 
4 9   49   14 
4 10   64   56 
4 11   20   65 
4 12   147   33 
4 13   132   26 
4 14   141   27 
4 15   82   75 
4 16   62   41 
4 17   138   67 
4 18   114   49 
4 19   116   18 
4 20   28   28 
4 21   79   48 
4 22   133   35 
4 23   48   52 
4 24   52   42 
4 25   52   13 
4 26   117   25 
4 27   103   52 
4 28   137   37 
4 29   20   53 
4 30   85   26 
4 31   68   59 
4 32   114   49 
4 33   102   68 
4 34   65   56 
4 35   47   18 
4 36   93   75 
4 37   144   54 
4 38   37   41 
4 39   66   17 
4 40   119   58 
4 41   38   18 
4 42   116   22 
4 43   58   38 
4 44   37   12 
4 45   69   26 
4 46   55   62 
4 47   131   11 
4 48   41   53 
4 49   105   18 
4 50   83   25 
5 6   108   46 
5 7   135   68 
5 8   62   37 
5 9   57   59 
5 10   115   62 
5 11   56   19 
5 12   101   39 
5 13   122   31 
5 14   45   37 
5 15   64   65 
5 16   83   23 
5 17   99   11 
5 18   75   33 
5 19   102   16 
5 20   115   47 
5 21   94   58 
5 22   118   25 
5 23   110   47 
5 24   129   43 
5 25   108   59 
5 26   90   48 
5 27   73   43 
5 28   107   16 
5 29   49   68 
5 30   113   12 
5 31   119   62 
5 32   108   65 
5 33   59   50 
5 34   125   67 
5 35   61   39 
5 36   79   19 
5 37   78   26 
5 38   28   68 
5 39   149   50 
5 40   93   15 
5 41   26   34 
5 42   68   14 
5 43   104   57 
5 44   65   18 
5 45   102   44 
5 46   35   48 
5 47   65   55 
5 48   138   15 
5 49   139   47 
5 50   67   46 
6 7   60   65 
6 8   77   43 
6 9   35   34 
6 10   112   47 
6 11   21   70 
6 12   144   57 
6 13   122   73 
6 14   79   29 
6 15   144   49 
6 16   143   64 
6 17   28   50 
6 18   77   43 
6 19   72   30 
6 20   122   28 
6 21   75   47 
6 22   104   61 
6 23   63   53 
6 24   108   41 
6 25   150   50 
6 26   106   45 
6 27   104   47 
6 28   58   25 
6 29   71   73 
6 30   80   66 
6 31   91   40 
6 32   48   35 
6 33   73   36 
6 34   44   36 
6 35   39   46 
6 36   69   41 
6 37   21   26 
6 38   107   75 
6 39   86   72 
6 40   90   27 
6 41   95   54 
6 42   29   21 
6 43   84   63 
6 44   43   73 
6 45   80   43 
6 46   82   24 
6 47   66   70 
6 48   110   51 
6 49   57   65 
6 50   148   31 
7 8   116   10 
7 9   89   59 
7 10   90   59 
7 11   72   23 
7 12   22   71 
7 13   102   65 
7 14   68   67 
7 15   105   52 
7 16   121   36 
7 17   34   10 
7 18   70   45 
7 19   123   25 
7 20   124   40 
7 21   77   36 
7 22   45   48 
7 23   40   43 
7 24   48   75 
7 25   98   31 
7 26   91   67 
7 27   142   56 
7 28   73   44 
7 29   28   70 
7 30   141   36 
7 31   84   40 
7 32   120   67 
7 33   73   42 
7 34   54   29 
7 35   109   19 
7 36   110   15 
7 37   87   72 
7 38   108   52 
7 39   107   41 
7 40   83   27 
7 41   117   70 
7 42   67   49 
7 43   40   62 
7 44   25   38 
7 45   34   11 
7 46   144   18 
7 47   70   52 
7 48   120   31 
7 49   68   53 
7 50   28   28 
8 9   135   11 
8 10   96   71 
8 11   21   25 
8 12   116   13 
8 13   50   75 
8 14   31   64 
8 15   144   69 
8 16   147   65 
8 17   75   75 
8 18   132   56 
8 19   47   43 
8 20   98   10 
8 21   126   20 
8 22   71   13 
8 23   127   30 
8 24   85   51 
8 25   67   59 
8 26   32   46 
8 27   128   25 
8 28   57   69 
8 29   69   75 
8 30   121   14 
8 31   24   43 
8 32   115   16 
8 33   55   20 
8 34   58   74 
8 35   121   43 
8 36   140   45 
8 37   32   42 
8 38   131   29 
8 39   49   14 
8 40   141   46 
8 41   64   12 
8 42   122   57 
8 43   60   26 
8 44   110   58 
8 45   39   21 
8 46   22   35 
8 47   62   46 
8 48   43   25 
8 49   147   22 
8 50   84   74 
9 10   113   73 
9 11   91   11 
9 12   116   34 
9 13   96   70 
9 14   122   31 
9 15   90   49 
9 16   89   35 
9 17   58   69 
9 18   89   19 
9 19   86   67 
9 20   86   26 
9 21   139   60 
9 22   92   43 
9 23   54   30 
9 24   47   34 
9 25   53   48 
9 26   104   22 
9 27   67   44 
9 28   145   69 
9 29   93   43 
9 30   65   23 
9 31   53   69 
9 32   67   64 
9 33   23   48 
9 34   75   38 
9 35   79   47 
9 36   138   33 
9 37   68   57 
9 38   55   55 
9 39   41   18 
9 40   89   31 
9 41   30   48 
9 42   105   75 
9 43   131   42 
9 44   70   61 
9 45   137   46 
9 46   71   49 
9 47   127   72 
9 48   87   28 
9 49   44   67 
9 50   87   48 
10 11   56   51 
10 12   125   39 
10 13   47   68 
10 14   104   33 
10 15   27   59 
10 16   24   36 
10 17   120   13 
10 18   140   59 
10 19   47   68 
10 20   147   14 
10 21   114   48 
10 22   92   39 
10 23   65   17 
10 24   145   72 
10 25   89   46 
10 26   100   41 
10 27   57   40 
10 28   20   66 
10 29   52   59 
10 30   141   35 
10 31   93   36 
10 32   89   69 
10 33   69   26 
10 34   23   19 
10 35   24   59 
10 36   133   41 
10 37   86   28 
10 38   80   50 
10 39   21   38 
10 40   45   44 
10 41   68   66 
10 42   52   58 
10 43   124   32 
10 44   57   68 
10 45   43   14 
10 46   103   27 
10 47   46   36 
10 48   125   74 
10 49   81   19 
10 50   80   28 
11 12   40   61 
11 13   77   54 
11 14   81   25 
11 15   147   75 
11 16   105   42 
11 17   25   30 
11 18   86   42 
11 19   148   31 
11 20   83   59 
11 21   105   15 
11 22   112   35 
11 23   120   34 
11 24   30   38 
11 25   101   53 
11 26   37   21 
11 27   103   20 
11 28   134   21 
11 29   58   67 
11 30   146   15 
11 31   123   36 
11 32   102   61 
11 33   81   18 
11 34   147   30 
11 35   132   12 
11 36   79   43 
11 37   111   47 
11 38   54   42 
11 39   82   49 
11 40   139   58 
11 41   125   70 
11 42   76   20 
11 43   46   18 
11 44   143   36 
11 45   56   21 
11 46   113   15 
11 47   74   64 
11 48   120   69 
11 49   145   50 
11 50   125   59 
12 13   139   31 
12 14   125   32 
12 15   109   62 
12 16   149   74 
12 17   47   11 
12 18   125   44 
12 19   117   30 
12 20   67   61 
12 21   41   40 
12 22   142   33 
12 23   44   35 
12 24   139   72 
12 25   65   42 
12 26   33   71 
12 27   27   71 
12 28   44   73 
12 29   149   31 
12 30   126   54 
12 31   115   38 
12 32   107   30 
12 33   67   74 
12 34   107   33 
12 35   81   10 
12 36   35   67 
12 37   46   70 
12 38   27   13 
12 39   69   10 
12 40   121   55 
12 41   119   11 
12 42   89   52 
12 43   33   21 
12 44   43   74 
12 45   112   41 
12 46   119   49 
12 47   38   72 
12 48   138   44 
12 49   74   22 
12 50   39   67 
13 14   28   48 
13 15   72   52 
13 16   100   43 
13 17   138   75 
13 18   71   12 
13 19   120   62 
13 20   121   44 
13 21   21   16 
13 22   60   74 
13 23   55   50 
13 24   99   58 
13 25   117   44 
13 26   33   68 
13 27   140   68 
13 28   125   14 
13 29   55   54 
13 30   75   23 
13 31   59   48 
13 32   24   20 
13 33   47   14 
13 34   77   65 
13 35   59   56 
13 36   65   35 
13 37   27   14 
13 38   70   70 
13 39   64   46 
13 40   81   75 
13 41   40   75 
13 42   142   69 
13 43   105   33 
13 44   32   53 
13 45   126   41 
13 46   83   27 
13 47   115   50 
13 48   136   49 
13 49   101   37 
13 50   92   28 
14 15   92   48 
14 16   100   69 
14 17   23   58 
14 18   143   59 
14 19   125   29 
14 20   134   15 
14 21   75   48 
14 22   82   49 
14 23   128   29 
14 24   128   49 
14 25   76   60 
14 26   38   69 
14 27   32   65 
14 28   69   19 
14 29   125   69 
14 30   38   22 
14 31   109   59 
14 32   113   35 
14 33   76   30 
14 34   61   13 
14 35   93   13 
14 36   114   47 
14 37   144   24 
14 38   89   43 
14 39   29   27 
14 40   126   21 
14 41   90   47 
14 42   46   75 
14 43   43   16 
14 44   89   21 
14 45   32   58 
14 46   142   58 
14 47   119   24 
14 48   30   65 
14 49   61   27 
14 50   129   43 
15 16   35   56 
15 17   126   10 
15 18   148   18 
15 19   55   48 
15 20   47   11 
15 21   115   17 
15 22   40   29 
15 23   99   24 
15 24   113   55 
15 25   40   66 
15 26   89   45 
15 27   146   52 
15 28   109   62 
15 29   134   74 
15 30   117   36 
15 31   49   24 
15 32   92   40 
15 33   138   23 
15 34   37   55 
15 35   73   37 
15 36   103   36 
15 37   117   25 
15 38   60   12 
15 39   52   67 
15 40   112   41 
15 41   84   10 
15 42   33   48 
15 43   70   71 
15 44   76   13 
15 45   62   64 
15 46   137   27 
15 47   31   67 
15 48   114   20 
15 49   82   73 
15 50   93   15 
16 17   110   15 
16 18   130   67 
16 19   88   51 
16 20   106   64 
16 21   62   54 
16 22   89   11 
16 23   74   72 
16 24   120   49 
16 25   34   34 
16 26   106   10 
16 27   42   25 
16 28   112   48 
16 29   102   68 
16 30   132   49 
16 31   30   15 
16 32   150   38 
16 33   120   62 
16 34   118   72 
16 35   95   51 
16 36   64   60 
16 37   147   27 
16 38   40   45 
16 39   56   33 
16 40   73   43 
16 41   133   37 
16 42   78   10 
16 43   76   66 
16 44   115   70 
16 45   130   75 
16 46   100   64 
16 47   29   14 
16 48   23   50 
16 49   85   23 
16 50   145   56 
17 18   98   56 
17 19   96   12 
17 20   58   20 
17 21   112   62 
17 22   118   49 
17 23   52   44 
17 24   83   66 
17 25   90   45 
17 26   67   74 
17 27   122   15 
17 28   135   62 
17 29   58   44 
17 30   29   51 
17 31   120   39 
17 32   88   69 
17 33   145   35 
17 34   39   67 
17 35   97   75 
17 36   76   24 
17 37   141   66 
17 38   79   13 
17 39   147   43 
17 40   79   62 
17 41   43   57 
17 42   36   31 
17 43   61   11 
17 44   82   28 
17 45   75   15 
17 46   54   26 
17 47   76   73 
17 48   128   59 
17 49   24   28 
17 50   126   37 
18 19   69   46 
18 20   34   42 
18 21   86   38 
18 22   95   25 
18 23   95   55 
18 24   112   60 
18 25   94   57 
18 26   92   46 
18 27   49   69 
18 28   53   37 
18 29   42   67 
18 30   50   34 
18 31   92   64 
18 32   28   41 
18 33   136   75 
18 34   105   23 
18 35   79   11 
18 36   145   69 
18 37   75   20 
18 38   110   56 
18 39   80   61 
18 40   113   23 
18 41   29   70 
18 42   114   32 
18 43   127   36 
18 44   97   49 
18 45   76   48 
18 46   33   57 
18 47   108   51 
18 48   73   17 
18 49   52   12 
18 50   144   54 
19 20   68   40 
19 21   21   36 
19 22   150   26 
19 23   51   41 
19 24   32   21 
19 25   106   25 
19 26   130   64 
19 27   36   19 
19 28   28   68 
19 29   45   36 
19 30   48   55 
19 31   89   70 
19 32   32   20 
19 33   135   25 
19 34   33   53 
19 35   122   68 
19 36   61   72 
19 37   75   52 
19 38   133   59 
19 39   144   51 
19 40   115   67 
19 41   40   37 
19 42   119   39 
19 43   106   31 
19 44   27   30 
19 45   88   13 
19 46   140   14 
19 47   111   39 
19 48   83   57 
19 49   102   66 
19 50   140   50 
20 21   83   58 
20 22   46   45 
20 23   96   74 
20 24   57   49 
20 25   99   75 
20 26   30   64 
20 27   116   64 
20 28   94   11 
20 29   39   14 
20 30   22   46 
20 31   37   58 
20 32   119   40 
20 33   75   19 
20 34   36   38 
20 35   43   20 
20 36   43   20 
20 37   33   11 
20 38   31   75 
20 39   77   28 
20 40   71   18 
20 41   140   60 
20 42   145   49 
20 43   91   17 
20 44   41   46 
20 45   49   46 
20 46   47   65 
20 47   72   30 
20 48   140   41 
20 49   86   50 
20 50   131   58 
21 22   36   13 
21 23   30   31 
21 24   59   38 
21 25   51   45 
21 26   34   10 
21 27   54   31 
21 28   72   33 
21 29   146   36 
21 30   50   55 
21 31   36   31 
21 32   75   13 
21 33   82   40 
21 34   123   40 
21 35   43   72 
21 36   147   19 
21 37   115   45 
21 38   41   72 
21 39   28   74 
21 40   143   72 
21 41   24   55 
21 42   111   49 
21 43   47   55 
21 44   97   20 
21 45   92   75 
21 46   23   60 
21 47   32   23 
21 48   77   17 
21 49   76   28 
21 50   37   49 
22 23   23   40 
22 24   115   49 
22 25   20   69 
22 26   117   37 
22 27   73   45 
22 28   69   19 
22 29   140   25 
22 30   49   42 
22 31   135   51 
22 32   58   10 
22 33   48   66 
22 34   71   72 
22 35   132   56 
22 36   105   14 
22 37   24   38 
22 38   138   49 
22 39   47   58 
22 40   63   26 
22 41   52   41 
22 42   68   27 
22 43   56   51 
22 44   54   68 
22 45   45   72 
22 46   41   45 
22 47   65   59 
22 48   89   19 
22 49   69   52 
22 50   78   62 
23 24   142   54 
23 25   96   20 
23 26   145   40 
23 27   110   27 
23 28   106   34 
23 29   104   23 
23 30   28   11 
23 31   34   16 
23 32   103   37 
23 33   39   15 
23 34   132   57 
23 35   53   11 
23 36   122   47 
23 37   45   65 
23 38   23   23 
23 39   104   35 
23 40   129   43 
23 41   40   17 
23 42   20   11 
23 43   124   68 
23 44   21   61 
23 45   98   19 
23 46   71   39 
23 47   148   30 
23 48   105   75 
23 49   27   67 
23 50   150   18 
24 25   90   71 
24 26   140   45 
24 27   70   47 
24 28   111   18 
24 29   39   58 
24 30   31   38 
24 31   120   11 
24 32   106   34 
24 33   61   23 
24 34   73   61 
24 35   135   44 
24 36   38   60 
24 37   65   66 
24 38   61   63 
24 39   69   59 
24 40   146   46 
24 41   65   22 
24 42   121   37 
24 43   51   33 
24 44   99   44 
24 45   58   38 
24 46   26   66 
24 47   60   14 
24 48   127   63 
24 49   97   11 
24 50   47   41 
25 26   30   43 
25 27   38   24 
25 28   70   65 
25 29   34   56 
25 30   83   39 
25 31   60   29 
25 32   93   19 
25 33   66   49 
25 34   45   14 
25 35   135   41 
25 36   59   45 
25 37   22   63 
25 38   123   10 
25 39   29   15 
25 40   99   56 
25 41   70   37 
25 42   146   14 
25 43   124   11 
25 44   50   41 
25 45   131   34 
25 46   110   30 
25 47   150   46 
25 48   97   43 
25 49   123   41 
25 50   129   54 
26 27   84   48 
26 28   44   42 
26 29   26   52 
26 30   88   13 
26 31   53   19 
26 32   34   54 
26 33   117   61 
26 34   129   68 
26 35   116   73 
26 36   143   49 
26 37   85   19 
26 38   90   22 
26 39   63   20 
26 40   117   15 
26 41   47   17 
26 42   39   74 
26 43   21   38 
26 44   116   10 
26 45   100   34 
26 46   118   11 
26 47   133   37 
26 48   105   43 
26 49   85   37 
26 50   135   41 
27 28   79   44 
27 29   77   41 
27 30   145   58 
27 31   35   57 
27 32   47   29 
27 33   140   26 
27 34   77   13 
27 35   65   69 
27 36   104   25 
27 37   27   64 
27 38   139   32 
27 39   26   49 
27 40   146   40 
27 41   89   14 
27 42   121   49 
27 43   38   50 
27 44   147   68 
27 45   104   71 
27 46   44   58 
27 47   140   75 
27 48   107   22 
27 49   124   26 
27 50   32   33 
28 29   68   24 
28 30   128   60 
28 31   150   48 
28 32   66   28 
28 33   136   42 
28 34   128   62 
28 35   79   71 
28 36   46   37 
28 37   59   43 
28 38   21   56 
28 39   127   22 
28 40   141   18 
28 41   21   70 
28 42   70   62 
28 43   78   45 
28 44   105   22 
28 45   106   33 
28 46   42   26 
28 47   86   31 
28 48   42   24 
28 49   116   67 
28 50   119   16 
29 30   60   30 
29 31   99   71 
29 32   70   27 
29 33   34   65 
29 34   125   47 
29 35   147   36 
29 36   42   37 
29 37   43   30 
29 38   127   46 
29 39   66   52 
29 40   116   41 
29 41   99   20 
29 42   135   21 
29 43   57   34 
29 44   86   22 
29 45   28   22 
29 46   120   38 
29 47   140   73 
29 48   111   27 
29 49   117   70 
29 50   124   50 
30 31   29   66 
30 32   131   35 
30 33   119   65 
30 34   35   30 
30 35   54   55 
30 36   139   45 
30 37   55   50 
30 38   90   68 
30 39   71   40 
30 40   122   19 
30 41   138   69 
30 42   103   42 
30 43   123   72 
30 44   42   16 
30 45   53   14 
30 46   49   43 
30 47   145   38 
30 48   59   47 
30 49   125   67 
30 50   119   46 
31 32   139   17 
31 33   55   73 
31 34   42   17 
31 35   62   62 
31 36   21   54 
31 37   58   12 
31 38   110   52 
31 39   141   60 
31 40   65   42 
31 41   49   22 
31 42   52   44 
31 43   43   64 
31 44   57   11 
31 45   28   56 
31 46   145   33 
31 47   84   30 
31 48   49   61 
31 49   64   34 
31 50   28   38 
32 33   148   55 
32 34   69   19 
32 35   122   63 
32 36   144   68 
32 37   42   10 
32 38   34   17 
32 39   150   71 
32 40   123   63 
32 41   81   44 
32 42   61   41 
32 43   63   48 
32 44   133   53 
32 45   81   49 
32 46   72   69 
32 47   90   57 
32 48   94   29 
32 49   105   71 
32 50   29   35 
33 34   95   67 
33 35   93   12 
33 36   21   62 
33 37   130   20 
33 38   105   67 
33 39   25   45 
33 40   95   20 
33 41   122   49 
33 42   113   26 
33 43   149   71 
33 44   101   13 
33 45   63   49 
33 46   124   47 
33 47   111   14 
33 48   54   64 
33 49   88   37 
33 50   46   35 
34 35   116   65 
34 36   40   60 
34 37   118   59 
34 38   123   33 
34 39   127   56 
34 40   47   56 
34 41   29   35 
34 42   124   24 
34 43   91   69 
34 44   23   61 
34 45   100   23 
34 46   141   41 
34 47   65   38 
34 48   87   14 
34 49   106   66 
34 50   113   67 
35 36   72   20 
35 37   35   24 
35 38   138   10 
35 39   87   51 
35 40   27   19 
35 41   134   21 
35 42   28   53 
35 43   55   38 
35 44   125   61 
35 45   133   58 
35 46   62   64 
35 47   29   71 
35 48   104   67 
35 49   53   14 
35 50   84   62 
36 37   114   56 
36 38   58   55 
36 39   79   28 
36 40   122   59 
36 41   24   32 
36 42   110   25 
36 43   33   31 
36 44   91   13 
36 45   34   37 
36 46   59   36 
36 47   143   43 
36 48   56   25 
36 49   110   65 
36 50   149   38 
37 38   46   33 
37 39   82   15 
37 40   39   29 
37 41   76   23 
37 42   83   70 
37 43   66   67 
37 44   32   36 
37 45   93   59 
37 46   116   56 
37 47   87   47 
37 48   101   32 
37 49   64   11 
37 50   57   27 
38 39   147   26 
38 40   56   29 
38 41   150   41 
38 42   129   43 
38 43   102   28 
38 44   150   66 
38 45   50   27 
38 46   129   33 
38 47   90   25 
38 48   83   32 
38 49   26   38 
38 50   93   56 
39 40   35   57 
39 41   121   29 
39 42   141   46 
39 43   124   61 
39 44   44   44 
39 45   47   20 
39 46   131   34 
39 47   58   47 
39 48   49   46 
39 49   87   22 
39 50   25   35 
40 41   97   40 
40 42   120   24 
40 43   102   32 
40 44   114   31 
40 45   115   71 
40 46   79   26 
40 47   83   29 
40 48   126   11 
40 49   80   12 
40 50   46   72 
41 42   94   47 
41 43   59   66 
41 44   20   39 
41 45   114   17 
41 46   109   13 
41 47   42   50 
41 48   82   23 
41 49   74   30 
41 50   117   62 
42 43   23   64 
42 44   138   52 
42 45   115   16 
42 46   84   10 
42 47   89   68 
42 48   135   49 
42 49   149   74 
42 50   144   72 
43 44   145   71 
43 45   20   13 
43 46   107   19 
43 47   67   15 
43 48   25   31 
43 49   70   14 
43 50   119   74 
44 45   141   60 
44 46   32   55 
44 47   72   26 
44 48   138   68 
44 49   70   47 
44 50   147   28 
45 46   147   43 
45 47   118   13 
45 48   125   70 
45 49   99   63 
45 50   37   74 
46 47   91   10 
46 48   98   74 
46 49   59   14 
46 50   74   67 
47 48   94   20 
47 49   24   66 
47 50   39   29 
48 49   49   25 
48 50   126   47 
49 50   75   61 