50
1 2   54   58 
1 3   73   65 
1 4   79   11 
1 5   138   35 
1 6   103   50 
1 7   24   59 
1 8   118   34 
1 9   58   57 
1 10   145   38 
1 11   147   37 
1 12   140   56 
1 13   111   33 
1 14   67   34 
1 15   64   37 
1 16   125   29 
1 17   93   70 
1 18   37   57 
1 19   118   30 
1 20   115   62 
1 21   93   31 
1 22   45   65 
1 23   78   52 
1 24   103   55 
1 25   133   72 
1 26   147   53 
1 27   138   26 
1 28   100   17 
1 29   61   65 
1 30   70   17 
1 31   141   24 
1 32   99   51 
1 33   27   40 
1 34   84   65 
1 35   129   61 
1 36   93   74 
1 37   31   60 
1 38   46   34 
1 39   81   62 
1 40   144   25 
1 41   104   63 
1 42   140   57 
1 43   112   23 
1 44   107   17 
1 45   138   52 
1 46   128   40 
1 47   23   51 
1 48   58   65 
1 49   25   70 
1 50   73   17 
2 3   56   18 
2 4   96   61 
2 5   41   44 
2 6   23   33 
2 7   139   64 
2 8   126   58 
2 9   22   58 
2 10   68   30 
2 11   116   61 
2 12   73   43 
2 13   53   61 
2 14   112   31 
2 15   79   16 
2 16   22   56 
2 17   86   71 
2 18   104   45 
2 19   25   38 
2 20   75   75 
2 21   34   38 
2 22   89   49 
2 23   102   39 
2 24   45   67 
2 25   145   56 
2 26   150   57 
2 27   44   62 
2 28   116   36 
2 29   91   14 
2 30   135   67 
2 31   88   34 
2 32   27   33 
2 33   59   37 
2 34   133   11 
2 35   137   11 
2 36   55   47 
2 37   135   28 
2 38   53   41 
2 39   27   48 
2 40   22   31 
2 41   100   26 
2 42   110   71 
2 43   81   44 
2 44   66   28 
2 45   103   35 
2 46   77   53 
2 47   107   21 
2 48   130   21 
2 49   63   15 
2 50   54   63 
3 4   99   37 
3 5   126   73 
3 6   135   30 
3 7   99   21 
3 8   99   43 
3 9   99   26 
3 10   78   63 
3 11   101   23 
3 12   52   46 
3 13   93   55 
3 14   38   12 
3 15   45   22 
3 16   135   70 
3 17   122   25 
3 18   143   33 
3 19   107   30 
3 20   39   16 
3 21   144   30 
3 22   89   19 
3 23   78   37 
3 24   129   35 
3 25   55   52 
3 26   48   16 
3 27   30   19 
3 28   140   56 
3 29   65   25 
3 30   88   13 
3 31   54   71 
3 32   83   69 
3 33   98   68 
3 34   99   13 
3 35   112   25 
3 36   133   37 
3 37   81   52 
3 38   41   22 
3 39   123   29 
3 40   112   44 
3 41   144   60 
3 42   147   58 
3 43   52   30 
3 44   124   66 
3 45   60   20 
3 46   60   61 
3 47   26   23 
3 48   146   32 
3 49   102   73 
3 50   98   12 
4 5   27   33 
4 6   73   59 
4 7   33   50 
4 8   87   59 
4 9   76   49 
4 10   106   43 
4 11   113   58 
4 12   126   68 
4 13   101   49 
4 14   101   52 
4 15   109   54 
4 16   81   67 
4 17   32   49 
4 18   80   60 
4 19   82   46 
4 20   37   50 
4 21   68   18 
4 22   33   34 
4 23   102   17 
4 24   54   74 
4 25   137   27 
4 26   125   58 
4 27   84   65 
4 28   84   62 
4 29   59   38 
4 30   89   29 
4 31   53   40 
4 32   21   30 
4 33   55   38 
4 34   111   70 
4 35   109   69 
4 36   127   11 
4 37   57   57 
4 38   68   17 
4 39   85   40 
4 40   121   71 
4 41   121   13 
4 42   102   14 
4 43   132   23 
4 44   121   54 
4 45   88   72 
4 46   123   74 
4 47   45   23 
4 48   90   14 
4 49   123   56 
4 50   120   24 
5 6   33   49 
5 7   131   55 
5 8   131   14 
5 9   77   37 
5 10   110   59 
5 11   103   54 
5 12   24   34 
5 13   145   69 
5 14   116   71 
5 15   138   31 
5 16   25   17 
5 17   41   19 
5 18   27   52 
5 19   89   53 
5 20   142   22 
5 21   69   23 
5 22   80   45 
5 23   69   31 
5 24   34   31 
5 25   80   69 
5 26   122   15 
5 27   56   73 
5 28   33   41 
5 29   78   20 
5 30   24   21 
5 31   66   74 
5 32   121   66 
5 33   63   12 
5 34   81   67 
5 35   126   12 
5 36   60   26 
5 37   79   65 
5 38   59   24 
5 39   72   68 
5 40   82   71 
5 41   102   51 
5 42   138   60 
5 43   51   10 
5 44   121   10 
5 45   123   70 
5 46   62   71 
5 47   131   74 
5 48   72   70 
5 49   130   54 
5 50   26   30 
6 7   97   69 
6 8   108   55 
6 9   24   40 
6 10   119   69 
6 11   62   74 
6 12   80   24 
6 13   111   33 
6 14   78   74 
6 15   84   42 
6 16   107   44 
6 17   96   13 
6 18   89   56 
6 19   124   33 
6 20   55   14 
6 21   106   23 
6 22   147   75 
6 23   51   55 
6 24   28   16 
6 25   129   62 
6 26   132   42 
6 27   56   25 
6 28   114   58 
6 29   45   22 
6 30   45   15 
6 31   97   39 
6 32   90   43 
6 33   40   48 
6 34   144   34 
6 35   110   57 
6 36   129   19 
6 37   95   67 
6 38   120   50 
6 39   108   51 
6 40   97   10 
6 41   54   21 
6 42   127   39 
6 43   76   61 
6 44   21   50 
6 45   87   56 
6 46   98   75 
6 47   21   74 
6 48   30   60 
6 49   110   19 
6 50   59   12 
7 8   64   35 
7 9   126   15 
7 10   39   32 
7 11   36   19 
7 12   116   33 
7 13   75   13 
7 14   108   28 
7 15   119   49 
7 16   75   66 
7 17   43   17 
7 18   46   46 
7 19   81   15 
7 20   84   21 
7 21   35   28 
7 22   35   65 
7 23   39   50 
7 24   53   14 
7 25   58   48 
7 26   29   13 
7 27   86   36 
7 28   103   29 
7 29   139   38 
7 30   106   17 
7 31   24   47 
7 32   103   20 
7 33   67   23 
7 34   74   71 
7 35   140   27 
7 36   99   61 
7 37   76   75 
7 38   44   41 
7 39   78   32 
7 40   133   40 
7 41   50   69 
7 42   33   36 
7 43   48   26 
7 44   146   47 
7 45   68   62 
7 46   90   10 
7 47   92   43 
7 48   76   27 
7 49   36   75 
7 50   137   44 
8 9   147   67 
8 10   66   62 
8 11   29   13 
8 12   131   17 
8 13   142   61 
8 14   148   69 
8 15   74   63 
8 16   50   74 
8 17   51   14 
8 18   48   12 
8 19   96   41 
8 20   26   11 
8 21   85   36 
8 22   47   60 
8 23   25   21 
8 24   98   27 
8 25   55   65 
8 26   132   19 
8 27   146   41 
8 28   61   26 
8 29   20   37 
8 30   91   39 
8 31   33   18 
8 32   27   58 
8 33   70   38 
8 34   115   51 
8 35   63   20 
8 36   33   42 
8 37   41   27 
8 38   73   38 
8 39   120   14 
8 40   52   13 
8 41   24   67 
8 42   133   39 
8 43   71   57 
8 44   133   71 
8 45   70   45 
8 46   81   58 
8 47   143   50 
8 48   144   51 
8 49   148   35 
8 50   63   17 
9 10   129   16 
9 11   141   49 
9 12   46   27 
9 13   24   58 
9 14   140   66 
9 15   130   42 
9 16   115   39 
9 17   96   45 
9 18   52   22 
9 19   37   69 
9 20   41   41 
9 21   107   42 
9 22   126   42 
9 23   78   73 
9 24   49   49 
9 25   74   29 
9 26   36   73 
9 27   126   28 
9 28   106   13 
9 29   87   24 
9 30   115   43 
9 31   108   54 
9 32   106   41 
9 33   78   16 
9 34   108   35 
9 35   72   75 
9 36   120   47 
9 37   91   16 
9 38   77   53 
9 39   145   73 
9 40   116   49 
9 41   92   56 
9 42   150   72 
9 43   49   24 
9 44   100   46 
9 45   102   62 
9 46   104   15 
9 47   83   57 
9 48   41   44 
9 49   73   27 
9 50   32   66 
10 11   80   58 
10 12   142   64 
10 13   26   42 
10 14   100   42 
10 15   141   13 
10 16   52   28 
10 17   53   68 
10 18   137   13 
10 19   116   56 
10 20   129   26 
10 21   107   73 
10 22   58   47 
10 23   103   13 
10 24   93   17 
10 25   46   59 
10 26   126   54 
10 27   137   10 
10 28   150   22 
10 29   28   70 
10 30   91   37 
10 31   134   27 
10 32   54   21 
10 33   34   55 
10 34   148   52 
10 35   21   56 
10 36   38   10 
10 37   79   30 
10 38   150   63 
10 39   128   69 
10 40   91   40 
10 41   124   61 
10 42   27   13 
10 43   55   32 
10 44   100   75 
10 45   114   17 
10 46   55   16 
10 47   119   62 
10 48   65   31 
10 49   100   33 
10 50   117   31 
11 12   112   17 
11 13   21   51 
11 14   74   66 
11 15   82   22 
11 16   57   41 
11 17   72   54 
11 18   49   25 
11 19   93   36 
11 20   65   52 
11 21   69   23 
11 22   87   16 
11 23   108   19 
11 24   93   75 
11 25   134   56 
11 26   137   73 
11 27   60   30 
11 28   127   60 
11 29   29   55 
11 30   85   56 
11 31   53   12 
11 32   62   35 
11 33   125   58 
11 34   126   13 
11 35   66   24 
11 36   29   54 
11 37   126   69 
11 38   63   64 
11 39   41   74 
11 40   112   29 
11 41   125   35 
11 42   46   49 
11 43   144   44 
11 44   29   46 
11 45   68   70 
11 46   82   17 
11 47   75   26 
11 48   96   18 
11 49   62   69 
11 50   123   63 
12 13   74   20 
12 14   100   66 
12 15   68   37 
12 16   142   58 
12 17   65   12 
12 18   27   18 
12 19   40   46 
12 20   117   10 
12 21   148   57 
12 22   120   42 
12 23   66   54 
12 24   113   12 
12 25   119   66 
12 26   103   25 
12 27   138   50 
12 28   98   38 
12 29   93   14 
12 30   136   50 
12 31   127   20 
12 32   41   54 
12 33   131   14 
12 34   90   53 
12 35   148   20 
12 36   56   10 
12 37   129   62 
12 38   32   38 
12 39   139   12 
12 40   114   59 
12 41   79   38 
12 42   69   20 
12 43   48   38 
12 44   137   15 
12 45   62   27 
12 46   57   63 
12 47   84   44 
12 48   135   17 
12 49   148   13 
12 50   39   28 
13 14   126   54 
13 15   66   49 
13 16   67   52 
13 17   80   29 
13 18   139   16 
13 19   110   34 
13 20   123   47 
13 21   119   72 
13 22   134   22 
13 23   31   14 
13 24   98   10 
13 25   33   63 
13 26   48   17 
13 27   98   39 
13 28   79   20 
13 29   39   69 
13 30   95   61 
13 31   102   31 
13 32   150   55 
13 33   118   15 
13 34   58   28 
13 35   119   31 
13 36   50   75 
13 37   98   16 
13 38   108   57 
13 39   20   44 
13 40   147   25 
13 41   130   49 
13 42   24   52 
13 43   133   16 
13 44   87   30 
13 45   137   33 
13 46   78   28 
13 47   109   25 
13 48   112   72 
13 49   21   56 
13 50   131   64 
14 15   104   74 
14 16   70   52 
14 17   53   45 
14 18   118   36 
14 19   69   49 
14 20   137   36 
14 21   131   52 
14 22   101   41 
14 23   69   58 
14 24   94   62 
14 25   80   15 
14 26   56   27 
14 27   64   51 
14 28   103   21 
14 29   53   59 
14 30   123   28 
14 31   150   46 
14 32   72   17 
14 33   30   14 
14 34   109   19 
14 35   102   12 
14 36   100   27 
14 37   28   53 
14 38   41   19 
14 39   60   11 
14 40   108   47 
14 41   96   59 
14 42   75   63 
14 43   33   47 
14 44   46   30 
14 45   118   58 
14 46   64   40 
14 47   81   42 
14 48   127   24 
14 49   25   37 
14 50   50   42 
15 16   57   45 
15 17   70   67 
15 18   105   22 
15 19   121   24 
15 20   138   56 
15 21   114   67 
15 22   86   31 
15 23   128   60 
15 24   138   68 
15 25   142   27 
15 26   133   14 
15 27   36   35 
15 28   150   48 
15 29   119   75 
15 30   76   44 
15 31   104   62 
15 32   43   12 
15 33   125   39 
15 34   76   19 
15 35   84   34 
15 36   63   33 
15 37   56   65 
15 38   113   40 
15 39   38   48 
15 40   89   43 
15 41   93   43 
15 42   83   60 
15 43   65   16 
15 44   97   68 
15 45   36   43 
15 46   43   35 
15 47   118   34 
15 48   103   15 
15 49   69   70 
15 50   52   70 
16 17   74   22 
16 18   125   68 
16 19   130   16 
16 20   74   31 
16 21   43   43 
16 22   129   47 
16 23   38   42 
16 24   49   10 
16 25   51   57 
16 26   39   51 
16 27   142   31 
16 28   122   13 
16 29   139   31 
16 30   150   47 
16 31   38   29 
16 32   80   45 
16 33   138   10 
16 34   141   73 
16 35   89   11 
16 36   86   74 
16 37   138   35 
16 38   97   25 
16 39   114   19 
16 40   82   51 
16 41   34   72 
16 42   79   51 
16 43   114   49 
16 44   85   31 
16 45   37   26 
16 46   85   23 
16 47   135   30 
16 48   111   37 
16 49   32   71 
16 50   94   59 
17 18   79   29 
17 19   45   70 
17 20   31   31 
17 21   34   57 
17 22   41   13 
17 23   42   53 
17 24   33   70 
17 25   67   71 
17 26   116   36 
17 27   132   75 
17 28   112   28 
17 29   103   24 
17 30   68   51 
17 31   116   45 
17 32   109   34 
17 33   32   35 
17 34   55   58 
17 35   105   65 
17 36   147   36 
17 37   148   64 
17 38   49   42 
17 39   93   53 
17 40   55   29 
17 41   44   33 
17 42   106   28 
17 43   123   56 
17 44   53   23 
17 45   100   63 
17 46   139   22 
17 47   64   38 
17 48   116   66 
17 49   38   64 
17 50   74   53 
18 19   56   41 
18 20   129   26 
18 21   135   34 
18 22   135   32 
18 23   148   12 
18 24   119   64 
18 25   49   68 
18 26   112   24 
18 27   59   55 
18 28   137   16 
18 29   58   62 
18 30   108   44 
18 31   149   19 
18 32   23   12 
18 33   63   12 
18 34   77   74 
18 35   37   32 
18 36   38   61 
18 37   66   26 
18 38   68   20 
18 39   127   55 
18 40   86   18 
18 41   89   41 
18 42   79   18 
18 43   20   35 
18 44   56   57 
18 45   138   23 
18 46   69   65 
18 47   97   75 
18 48   79   13 
18 49   54   13 
18 50   145   30 
19 20   143   70 
19 21   114   23 
19 22   73   53 
19 23   93   15 
19 24   149   31 
19 25   86   17 
19 26   143   14 
19 27   81   38 
19 28   137   61 
19 29   64   44 
19 30   131   62 
19 31   35   12 
19 32   125   75 
19 33   136   37 
19 34   80   66 
19 35   95   12 
19 36   149   21 
19 37   125   56 
19 38   125   27 
19 39   84   56 
19 40   73   25 
19 41   87   63 
19 42   91   62 
19 43   104   44 
19 44   97   10 
19 45   33   68 
19 46   40   54 
19 47   143   59 
19 48   49   38 
19 49   89   12 
19 50   98   60 
20 21   146   43 
20 22   69   42 
20 23   30   28 
20 24   86   56 
20 25   128   61 
20 26   73   57 
20 27   52   49 
20 28   147   34 
20 29   25   18 
20 30   47   48 
20 31   87   21 
20 32   39   44 
20 33   150   10 
20 34   115   50 
20 35   138   39 
20 36   150   42 
20 37   20   72 
20 38   96   58 
20 39   29   10 
20 40   147   36 
20 41   20   54 
20 42   116   48 
20 43   30   51 
20 44   27   68 
20 45   26   32 
20 46   40   48 
20 47   125   18 
20 48   145   45 
20 49   115   41 
20 50   140   73 
21 22   140   42 
21 23   78   11 
21 24   68   28 
21 25   146   43 
21 26   128   68 
21 27   96   25 
21 28   52   23 
21 29   131   17 
21 30   82   48 
21 31   23   34 
21 32   56   28 
21 33   115   51 
21 34   92   75 
21 35   127   62 
21 36   78   10 
21 37   73   39 
21 38   134   27 
21 39   32   44 
21 40   114   37 
21 41   79   49 
21 42   113   45 
21 43   84   39 
21 44   28   61 
21 45   32   47 
21 46   116   51 
21 47   47   70 
21 48   149   51 
21 49   139   71 
21 50   132   28 
22 23   66   60 
22 24   25   28 
22 25   126   60 
22 26   105   58 
22 27   100   57 
22 28   100   30 
22 29   69   35 
22 30   129   17 
22 31   59   74 
22 32   82   34 
22 33   55   48 
22 34   135   70 
22 35   100   43 
22 36   76   75 
22 37   33   14 
22 38   65   60 
22 39   148   28 
22 40   118   20 
22 41   136   64 
22 42   98   41 
22 43   87   27 
22 44   32   52 
22 45   52   27 
22 46   146   13 
22 47   94   20 
22 48   69   75 
22 49   140   53 
22 50   129   56 
23 24   28   42 
23 25   52   45 
23 26   134   13 
23 27   26   22 
23 28   115   57 
23 29   23   38 
23 30   64   41 
23 31   61   28 
23 32   58   14 
23 33   131   68 
23 34   145   31 
23 35   30   52 
23 36   49   39 
23 37   109   39 
23 38   146   68 
23 39   76   47 
23 40   145   16 
23 41   149   72 
23 42   23   46 
23 43   50   10 
23 44   41   59 
23 45   128   40 
23 46   58   75 
23 47   121   25 
23 48   35   17 
23 49   112   19 
23 50   36   61 
24 25   138   24 
24 26   69   74 
24 27   129   62 
24 28   39   28 
24 29   108   40 
24 30   71   61 
24 31   143   66 
24 32   49   24 
24 33   107   33 
24 34   129   14 
24 35   109   61 
24 36   28   59 
24 37   50   53 
24 38   36   30 
24 39   86   35 
24 40   85   62 
24 41   129   26 
24 42   40   13 
24 43   40   33 
24 44   106   38 
24 45   72   62 
24 46   112   15 
24 47   60   60 
24 48   60   65 
24 49   30   60 
24 50   119   39 
25 26   123   23 
25 27   107   33 
25 28   45   52 
25 29   49   29 
25 30   91   66 
25 31   78   31 
25 32   130   72 
25 33   92   41 
25 34   138   40 
25 35   21   58 
25 36   101   15 
25 37   133   42 
25 38   64   74 
25 39   45   11 
25 40   49   53 
25 41   53   10 
25 42   32   41 
25 43   70   59 
25 44   94   21 
25 45   112   72 
25 46   75   16 
25 47   99   15 
25 48   118   63 
25 49   60   72 
25 50   135   41 
26 27   77   48 
26 28   33   44 
26 29   86   70 
26 30   95   34 
26 31   103   19 
26 32   41   51 
26 33   148   15 
26 34   134   67 
26 35   45   60 
26 36   128   49 
26 37   57   57 
26 38   55   11 
26 39   23   31 
26 40   100   37 
26 41   87   51 
26 42   147   55 
26 43   24   39 
26 44   43   57 
26 45   65   53 
26 46   114   38 
26 47   80   28 
26 48   34   58 
26 49   73   59 
26 50   75   48 
27 28   49   40 
27 29   106   48 
27 30   100   33 
27 31   41   56 
27 32   71   74 
27 33   135   40 
27 34   33   71 
27 35   105   31 
27 36   108   19 
27 37   20   37 
27 38   29   69 
27 39   34   20 
27 40   112   67 
27 41   36   45 
27 42   103   30 
27 43   86   44 
27 44   144   48 
27 45   143   13 
27 46   48   41 
27 47   25   65 
27 48   42   21 
27 49   40   66 
27 50   76   48 
28 29   42   10 
28 30   55   67 
28 31   95   72 
28 32   98   48 
28 33   90   57 
28 34   112   74 
28 35   140   38 
28 36   88   57 
28 37   147   28 
28 38   140   46 
28 39   34   31 
28 40   66   17 
28 41   122   58 
28 42   23   14 
28 43   135   12 
28 44   40   65 
28 45   129   17 
28 46   64   11 
28 47   149   15 
28 48   148   65 
28 49   23   56 
28 50   40   60 
29 30   54   42 
29 31   51   22 
29 32   82   50 
29 33   63   42 
29 34   141   74 
29 35   125   51 
29 36   115   60 
29 37   116   24 
29 38   116   75 
29 39   54   57 
29 40   119   63 
29 41   137   41 
29 42   96   20 
29 43   54   70 
29 44   57   55 
29 45   145   62 
29 46   136   23 
29 47   79   45 
29 48   127   40 
29 49   32   42 
29 50   110   45 
30 31   21   26 
30 32   86   28 
30 33   105   17 
30 34   82   66 
30 35   20   58 
30 36   80   12 
30 37   114   62 
30 38   81   73 
30 39   30   24 
30 40   96   69 
30 41   63   61 
30 42   23   53 
30 43   23   44 
30 44   136   43 
30 45   101   61 
30 46   29   36 
30 47   67   31 
30 48   124   18 
30 49   76   16 
30 50   54   67 
31 32   66   66 
31 33   55   17 
31 34   40   15 
31 35   134   47 
31 36   52   48 
31 37   141   44 
31 38   21   54 
31 39   68   55 
31 40   45   71 
31 41   89   23 
31 42   149   34 
31 43   117   55 
31 44   104   14 
31 45   132   25 
31 46   87   30 
31 47   54   26 
31 48   52   47 
31 49   110   38 
31 50   51   69 
32 33   38   74 
32 34   149   68 
32 35   61   62 
32 36   92   46 
32 37   35   74 
32 38   39   65 
32 39   96   50 
32 40   109   60 
32 41   109   54 
32 42   65   67 
32 43   135   65 
32 44   82   63 
32 45   21   70 
32 46   141   47 
32 47   96   54 
32 48   63   20 
32 49   149   63 
32 50   141   17 
33 34   81   26 
33 35   72   13 
33 36   128   61 
33 37   67   35 
33 38   39   42 
33 39   54   31 
33 40   137   44 
33 41   61   69 
33 42   108   65 
33 43   127   74 
33 44   101   62 
33 45   29   46 
33 46   25   18 
33 47   35   72 
33 48   74   45 
33 49   89   16 
33 50   68   65 
34 35   30   62 
34 36   133   38 
34 37   104   46 
34 38   128   73 
34 39   51   62 
34 40   35   16 
34 41   136   10 
34 42   138   66 
34 43   139   70 
34 44   28   69 
34 45   110   37 
34 46   146   73 
34 47   70   74 
34 48   77   58 
34 49   136   60 
34 50   118   71 
35 36   103   43 
35 37   49   38 
35 38   44   56 
35 39   119   46 
35 40   115   37 
35 41   23   41 
35 42   123   21 
35 43   75   34 
35 44   87   23 
35 45   41   68 
35 46   73   19 
35 47   82   21 
35 48   44   71 
35 49   117   59 
35 50   138   60 
36 37   68   73 
36 38   52   72 
36 39   64   30 
36 40   68   50 
36 41   141   70 
36 42   55   36 
36 43   140   30 
36 44   127   36 
36 45   59   51 
36 46   143   21 
36 47   29   67 
36 48   76   74 
36 49   76   66 
36 50   148   74 
37 38   49   33 
37 39   42   64 
37 40   118   64 
37 41   58   42 
37 42   24   14 
37 43   56   37 
37 44   83   40 
37 45   113   45 
37 46   58   22 
37 47   147   58 
37 48   75   72 
37 49   55   54 
37 50   66   25 
38 39   27   68 
38 40   59   15 
38 41   59   59 
38 42   115   44 
38 43   131   18 
38 44   144   56 
38 45   99   68 
38 46   72   41 
38 47   74   18 
38 48   135   62 
38 49   122   38 
38 50   147   12 
39 40   140   64 
39 41   85   38 
39 42   70   60 
39 43   108   14 
39 44   51   31 
39 45   103   24 
39 46   133   66 
39 47   120   37 
39 48   51   60 
39 49   55   22 
39 50   115   58 
40 41   115   47 
40 42   126   21 
40 43   91   44 
40 44   87   36 
40 45   70   49 
40 46   29   54 
40 47   46   49 
40 48   51   10 
40 49   125   64 
40 50   125   49 
41 42   26   64 
41 43   65   41 
41 44   76   64 
41 45   90   10 
41 46   47   25 
41 47   57   25 
41 48   111   30 
41 49   28   16 
41 50   145   59 
42 43   78   55 
42 44   61   44 
42 45   67   21 
42 46   119   39 
42 47   125   31 
42 48   115   58 
42 49   100   65 
42 50   129   30 
43 44   98   53 
43 45   103   27 
43 46   112   55 
43 47   37   10 
43 48   36   24 
43 49   50   71 
43 50   85   21 
44 45   81   25 
44 46   126   48 
44 47   57   61 
44 48   89   17 
44 49   89   24 
44 50   21   19 
45 46   31   25 
45 47   40   43 
45 48   22   64 
45 49   82   28 
45 50   43   66 
46 47   68   65 
46 48   85   43 
46 49   66   34 
46 50   135   46 
47 48   27   33 
47 49   26   23 
47 50   69   53 
48 49   60   42 
48 50   51   23 
49 50   21   66 