50
1 2   44   15 
1 3   69   67 
1 4   127   56 
1 5   45   17 
1 6   48   34 
1 7   132   74 
1 8   62   71 
1 9   112   55 
1 10   82   28 
1 11   120   28 
1 12   90   70 
1 13   66   57 
1 14   77   18 
1 15   50   27 
1 16   38   72 
1 17   135   26 
1 18   26   40 
1 19   117   35 
1 20   67   23 
1 21   24   23 
1 22   122   73 
1 23   115   14 
1 24   69   62 
1 25   149   21 
1 26   122   68 
1 27   90   62 
1 28   129   58 
1 29   26   19 
1 30   45   27 
1 31   51   59 
1 32   135   58 
1 33   50   20 
1 34   132   44 
1 35   58   16 
1 36   26   56 
1 37   147   16 
1 38   131   16 
1 39   81   48 
1 40   125   55 
1 41   117   42 
1 42   143   34 
1 43   20   43 
1 44   40   15 
1 45   22   68 
1 46   70   62 
1 47   142   72 
1 48   145   69 
1 49   103   73 
1 50   149   21 
2 3   44   11 
2 4   96   28 
2 5   33   44 
2 6   147   23 
2 7   92   42 
2 8   24   20 
2 9   98   64 
2 10   87   12 
2 11   99   37 
2 12   136   67 
2 13   79   60 
2 14   42   31 
2 15   99   11 
2 16   111   32 
2 17   145   40 
2 18   111   71 
2 19   115   57 
2 20   41   48 
2 21   71   26 
2 22   114   49 
2 23   55   71 
2 24   102   27 
2 25   119   48 
2 26   131   74 
2 27   84   47 
2 28   59   49 
2 29   20   56 
2 30   43   24 
2 31   146   37 
2 32   88   10 
2 33   127   42 
2 34   107   12 
2 35   51   61 
2 36   67   54 
2 37   105   28 
2 38   109   71 
2 39   27   21 
2 40   108   42 
2 41   23   71 
2 42   124   16 
2 43   53   39 
2 44   24   65 
2 45   117   42 
2 46   29   18 
2 47   43   54 
2 48   22   49 
2 49   60   38 
2 50   111   48 
3 4   79   18 
3 5   54   44 
3 6   103   28 
3 7   71   46 
3 8   72   67 
3 9   21   70 
3 10   139   53 
3 11   141   54 
3 12   72   46 
3 13   127   10 
3 14   121   10 
3 15   54   26 
3 16   100   40 
3 17   97   40 
3 18   73   20 
3 19   118   52 
3 20   109   55 
3 21   50   54 
3 22   57   29 
3 23   103   34 
3 24   110   38 
3 25   31   33 
3 26   29   39 
3 27   32   43 
3 28   129   40 
3 29   123   70 
3 30   129   35 
3 31   55   33 
3 32   72   32 
3 33   27   24 
3 34   104   42 
3 35   117   41 
3 36   48   54 
3 37   36   26 
3 38   91   25 
3 39   30   24 
3 40   82   28 
3 41   132   65 
3 42   122   62 
3 43   39   36 
3 44   119   72 
3 45   73   58 
3 46   112   44 
3 47   116   65 
3 48   73   26 
3 49   39   58 
3 50   92   48 
4 5   35   41 
4 6   82   33 
4 7   80   73 
4 8   25   52 
4 9   122   25 
4 10   25   48 
4 11   131   25 
4 12   143   22 
4 13   105   49 
4 14   29   37 
4 15   38   16 
4 16   102   73 
4 17   46   29 
4 18   144   30 
4 19   130   32 
4 20   89   64 
4 21   53   47 
4 22   49   57 
4 23   65   30 
4 24   119   36 
4 25   82   19 
4 26   33   37 
4 27   109   70 
4 28   135   46 
4 29   67   44 
4 30   74   50 
4 31   109   43 
4 32   69   16 
4 33   93   28 
4 34   112   25 
4 35   148   39 
4 36   100   23 
4 37   55   55 
4 38   66   55 
4 39   97   21 
4 40   90   20 
4 41   43   13 
4 42   24   10 
4 43   79   63 
4 44   42   10 
4 45   46   64 
4 46   87   37 
4 47   93   66 
4 48   72   68 
4 49   41   23 
4 50   149   24 
5 6   110   46 
5 7   31   69 
5 8   105   63 
5 9   119   35 
5 10   126   49 
5 11   143   49 
5 12   44   11 
5 13   58   19 
5 14   82   72 
5 15   23   35 
5 16   70   53 
5 17   72   55 
5 18   60   64 
5 19   41   28 
5 20   77   55 
5 21   57   22 
5 22   55   49 
5 23   65   71 
5 24   20   20 
5 25   146   75 
5 26   100   10 
5 27   74   65 
5 28   75   49 
5 29   21   53 
5 30   60   10 
5 31   101   36 
5 32   117   64 
5 33   93   35 
5 34   90   47 
5 35   70   39 
5 36   72   66 
5 37   130   23 
5 38   51   20 
5 39   149   53 
5 40   80   69 
5 41   100   40 
5 42   26   17 
5 43   98   23 
5 44   21   64 
5 45   54   30 
5 46   64   63 
5 47   27   14 
5 48   44   44 
5 49   103   28 
5 50   63   29 
6 7   71   73 
6 8   79   22 
6 9   114   52 
6 10   97   27 
6 11   117   43 
6 12   33   11 
6 13   85   73 
6 14   76   25 
6 15   87   33 
6 16   77   15 
6 17   22   30 
6 18   129   61 
6 19   81   55 
6 20   66   20 
6 21   59   39 
6 22   81   46 
6 23   22   58 
6 24   102   55 
6 25   142   13 
6 26   103   49 
6 27   129   58 
6 28   37   50 
6 29   107   42 
6 30   109   47 
6 31   27   24 
6 32   41   12 
6 33   102   33 
6 34   145   60 
6 35   47   75 
6 36   33   25 
6 37   118   21 
6 38   85   72 
6 39   96   50 
6 40   137   43 
6 41   21   59 
6 42   80   18 
6 43   144   32 
6 44   54   61 
6 45   127   31 
6 46   57   59 
6 47   141   38 
6 48   104   72 
6 49   76   46 
6 50   140   16 
7 8   24   14 
7 9   75   55 
7 10   59   18 
7 11   61   37 
7 12   51   27 
7 13   35   63 
7 14   135   69 
7 15   103   48 
7 16   104   53 
7 17   65   75 
7 18   67   72 
7 19   138   40 
7 20   59   39 
7 21   110   57 
7 22   90   12 
7 23   137   63 
7 24   136   70 
7 25   94   61 
7 26   117   29 
7 27   78   46 
7 28   108   40 
7 29   125   27 
7 30   133   65 
7 31   144   30 
7 32   107   64 
7 33   90   36 
7 34   105   21 
7 35   80   61 
7 36   42   42 
7 37   110   27 
7 38   108   56 
7 39   82   53 
7 40   149   38 
7 41   21   20 
7 42   55   18 
7 43   57   74 
7 44   101   26 
7 45   107   64 
7 46   136   40 
7 47   86   75 
7 48   100   44 
7 49   35   21 
7 50   33   11 
8 9   61   41 
8 10   93   39 
8 11   61   50 
8 12   89   68 
8 13   46   16 
8 14   125   62 
8 15   84   60 
8 16   43   40 
8 17   62   15 
8 18   73   39 
8 19   103   61 
8 20   22   37 
8 21   63   65 
8 22   21   63 
8 23   44   39 
8 24   55   67 
8 25   104   73 
8 26   71   63 
8 27   63   46 
8 28   81   21 
8 29   54   63 
8 30   134   29 
8 31   48   65 
8 32   44   53 
8 33   131   43 
8 34   98   50 
8 35   138   49 
8 36   40   48 
8 37   32   58 
8 38   101   21 
8 39   82   65 
8 40   21   53 
8 41   128   73 
8 42   92   69 
8 43   150   70 
8 44   115   45 
8 45   113   11 
8 46   120   13 
8 47   117   23 
8 48   144   48 
8 49   36   67 
8 50   89   70 
9 10   122   34 
9 11   46   66 
9 12   146   29 
9 13   125   68 
9 14   149   59 
9 15   81   12 
9 16   23   45 
9 17   129   61 
9 18   127   11 
9 19   93   59 
9 20   90   61 
9 21   105   75 
9 22   96   64 
9 23   111   67 
9 24   79   69 
9 25   72   61 
9 26   83   39 
9 27   132   45 
9 28   73   48 
9 29   73   70 
9 30   45   72 
9 31   73   26 
9 32   149   25 
9 33   61   73 
9 34   37   43 
9 35   94   73 
9 36   27   22 
9 37   66   57 
9 38   140   58 
9 39   63   22 
9 40   88   22 
9 41   92   61 
9 42   67   57 
9 43   138   22 
9 44   61   73 
9 45   90   68 
9 46   64   67 
9 47   130   24 
9 48   45   58 
9 49   136   39 
9 50   35   41 
10 11   20   51 
10 12   137   17 
10 13   32   26 
10 14   89   71 
10 15   63   28 
10 16   29   55 
10 17   139   31 
10 18   46   74 
10 19   58   26 
10 20   88   22 
10 21   109   13 
10 22   81   70 
10 23   68   46 
10 24   31   51 
10 25   85   29 
10 26   91   62 
10 27   50   58 
10 28   21   28 
10 29   121   21 
10 30   77   38 
10 31   61   67 
10 32   116   32 
10 33   128   42 
10 34   148   24 
10 35   148   27 
10 36   103   19 
10 37   44   30 
10 38   47   20 
10 39   71   17 
10 40   51   53 
10 41   143   20 
10 42   37   31 
10 43   82   33 
10 44   32   14 
10 45   52   32 
10 46   121   13 
10 47   86   51 
10 48   115   73 
10 49   125   19 
10 50   148   60 
11 12   138   42 
11 13   56   54 
11 14   50   45 
11 15   149   27 
11 16   40   72 
11 17   21   30 
11 18   126   38 
11 19   117   41 
11 20   61   56 
11 21   125   40 
11 22   34   16 
11 23   49   15 
11 24   73   38 
11 25   144   66 
11 26   117   57 
11 27   135   64 
11 28   74   55 
11 29   142   62 
11 30   111   66 
11 31   25   64 
11 32   27   21 
11 33   39   48 
11 34   79   39 
11 35   139   67 
11 36   47   28 
11 37   92   17 
11 38   136   37 
11 39   52   42 
11 40   35   35 
11 41   122   75 
11 42   148   33 
11 43   59   41 
11 44   52   65 
11 45   115   65 
11 46   150   63 
11 47   100   61 
11 48   36   30 
11 49   49   53 
11 50   147   17 
12 13   106   54 
12 14   93   32 
12 15   53   11 
12 16   30   72 
12 17   36   72 
12 18   130   38 
12 19   138   28 
12 20   54   11 
12 21   102   30 
12 22   89   21 
12 23   87   70 
12 24   100   34 
12 25   132   21 
12 26   67   24 
12 27   108   27 
12 28   25   17 
12 29   138   20 
12 30   115   51 
12 31   41   47 
12 32   40   29 
12 33   82   72 
12 34   70   25 
12 35   25   10 
12 36   28   59 
12 37   146   59 
12 38   77   72 
12 39   69   51 
12 40   119   24 
12 41   34   11 
12 42   143   56 
12 43   94   61 
12 44   96   39 
12 45   146   20 
12 46   88   36 
12 47   71   47 
12 48   66   59 
12 49   74   44 
12 50   75   64 
13 14   64   40 
13 15   36   73 
13 16   96   31 
13 17   55   18 
13 18   31   27 
13 19   23   68 
13 20   145   29 
13 21   39   35 
13 22   119   50 
13 23   108   62 
13 24   99   13 
13 25   119   31 
13 26   97   73 
13 27   66   66 
13 28   115   25 
13 29   76   57 
13 30   96   68 
13 31   116   43 
13 32   131   16 
13 33   74   20 
13 34   94   36 
13 35   115   66 
13 36   51   15 
13 37   24   72 
13 38   67   73 
13 39   21   65 
13 40   46   72 
13 41   116   12 
13 42   46   37 
13 43   138   23 
13 44   103   45 
13 45   142   46 
13 46   66   10 
13 47   28   20 
13 48   45   74 
13 49   120   64 
13 50   102   35 
14 15   81   57 
14 16   148   23 
14 17   133   74 
14 18   126   14 
14 19   93   12 
14 20   39   47 
14 21   131   14 
14 22   37   60 
14 23   32   25 
14 24   94   71 
14 25   60   48 
14 26   26   71 
14 27   120   34 
14 28   73   62 
14 29   109   21 
14 30   74   63 
14 31   76   34 
14 32   121   67 
14 33   65   35 
14 34   106   42 
14 35   22   32 
14 36   116   34 
14 37   147   28 
14 38   79   23 
14 39   88   66 
14 40   116   61 
14 41   127   57 
14 42   51   48 
14 43   143   13 
14 44   106   54 
14 45   62   29 
14 46   86   31 
14 47   30   35 
14 48   102   64 
14 49   115   60 
14 50   105   53 
15 16   41   59 
15 17   64   24 
15 18   30   11 
15 19   86   67 
15 20   40   60 
15 21   22   55 
15 22   94   48 
15 23   36   42 
15 24   36   57 
15 25   25   18 
15 26   69   68 
15 27   73   64 
15 28   131   50 
15 29   89   63 
15 30   137   52 
15 31   122   43 
15 32   128   35 
15 33   69   35 
15 34   92   66 
15 35   82   52 
15 36   106   67 
15 37   40   13 
15 38   58   41 
15 39   115   54 
15 40   124   13 
15 41   103   29 
15 42   124   11 
15 43   150   16 
15 44   52   30 
15 45   35   65 
15 46   20   25 
15 47   132   47 
15 48   31   33 
15 49   29   46 
15 50   34   71 
16 17   32   35 
16 18   125   65 
16 19   68   49 
16 20   110   63 
16 21   45   18 
16 22   140   26 
16 23   37   39 
16 24   131   58 
16 25   145   59 
16 26   42   31 
16 27   146   60 
16 28   40   12 
16 29   106   15 
16 30   103   40 
16 31   142   11 
16 32   57   58 
16 33   69   54 
16 34   138   66 
16 35   33   42 
16 36   24   52 
16 37   94   43 
16 38   81   64 
16 39   38   64 
16 40   94   62 
16 41   123   68 
16 42   114   24 
16 43   122   48 
16 44   83   21 
16 45   69   57 
16 46   127   56 
16 47   116   50 
16 48   93   42 
16 49   41   73 
16 50   28   13 
17 18   47   67 
17 19   77   27 
17 20   61   52 
17 21   67   40 
17 22   145   35 
17 23   111   38 
17 24   93   37 
17 25   55   38 
17 26   106   36 
17 27   75   67 
17 28   90   14 
17 29   91   14 
17 30   80   19 
17 31   62   58 
17 32   65   58 
17 33   118   39 
17 34   35   65 
17 35   145   48 
17 36   118   73 
17 37   78   51 
17 38   58   38 
17 39   67   41 
17 40   131   52 
17 41   113   10 
17 42   90   18 
17 43   128   11 
17 44   39   20 
17 45   84   18 
17 46   56   55 
17 47   131   67 
17 48   42   69 
17 49   97   45 
17 50   49   26 
18 19   99   49 
18 20   112   55 
18 21   24   62 
18 22   131   49 
18 23   135   58 
18 24   137   67 
18 25   94   41 
18 26   116   49 
18 27   144   53 
18 28   36   50 
18 29   135   62 
18 30   43   22 
18 31   63   23 
18 32   30   16 
18 33   129   15 
18 34   136   18 
18 35   103   51 
18 36   56   44 
18 37   21   21 
18 38   100   60 
18 39   111   58 
18 40   93   24 
18 41   105   61 
18 42   150   66 
18 43   122   44 
18 44   96   14 
18 45   76   43 
18 46   73   44 
18 47   150   54 
18 48   81   47 
18 49   65   71 
18 50   121   31 
19 20   118   28 
19 21   39   72 
19 22   147   21 
19 23   90   34 
19 24   116   74 
19 25   71   49 
19 26   30   41 
19 27   129   21 
19 28   22   16 
19 29   85   53 
19 30   78   33 
19 31   30   66 
19 32   87   40 
19 33   47   75 
19 34   101   46 
19 35   128   25 
19 36   46   31 
19 37   49   35 
19 38   92   36 
19 39   106   62 
19 40   58   74 
19 41   94   36 
19 42   98   47 
19 43   68   24 
19 44   129   15 
19 45   125   40 
19 46   71   22 
19 47   55   38 
19 48   33   44 
19 49   65   63 
19 50   91   44 
20 21   103   45 
20 22   64   22 
20 23   102   20 
20 24   34   59 
20 25   128   30 
20 26   33   62 
20 27   43   40 
20 28   126   10 
20 29   58   24 
20 30   34   73 
20 31   30   25 
20 32   74   39 
20 33   76   68 
20 34   31   28 
20 35   117   14 
20 36   95   20 
20 37   31   16 
20 38   68   34 
20 39   40   14 
20 40   105   21 
20 41   24   28 
20 42   33   40 
20 43   54   55 
20 44   72   46 
20 45   85   57 
20 46   109   58 
20 47   106   47 
20 48   49   58 
20 49   118   35 
20 50   59   44 
21 22   95   38 
21 23   118   48 
21 24   93   40 
21 25   145   27 
21 26   138   69 
21 27   139   61 
21 28   32   63 
21 29   51   61 
21 30   141   17 
21 31   44   19 
21 32   110   20 
21 33   101   66 
21 34   114   13 
21 35   150   62 
21 36   87   51 
21 37   37   38 
21 38   119   69 
21 39   72   68 
21 40   140   22 
21 41   74   28 
21 42   65   32 
21 43   150   30 
21 44   112   59 
21 45   102   71 
21 46   89   24 
21 47   139   40 
21 48   35   56 
21 49   77   30 
21 50   135   27 
22 23   135   61 
22 24   142   57 
22 25   123   21 
22 26   47   42 
22 27   78   43 
22 28   40   34 
22 29   133   41 
22 30   143   63 
22 31   30   17 
22 32   40   23 
22 33   31   53 
22 34   132   25 
22 35   22   60 
22 36   58   22 
22 37   90   23 
22 38   22   53 
22 39   38   20 
22 40   102   73 
22 41   115   29 
22 42   122   31 
22 43   137   54 
22 44   60   32 
22 45   42   42 
22 46   144   54 
22 47   33   29 
22 48   95   33 
22 49   147   38 
22 50   96   56 
23 24   112   52 
23 25   96   18 
23 26   91   30 
23 27   51   27 
23 28   97   55 
23 29   43   70 
23 30   83   30 
23 31   74   61 
23 32   33   62 
23 33   91   69 
23 34   121   40 
23 35   39   19 
23 36   30   72 
23 37   124   74 
23 38   118   64 
23 39   25   72 
23 40   150   18 
23 41   59   60 
23 42   57   46 
23 43   104   41 
23 44   45   71 
23 45   77   68 
23 46   150   70 
23 47   105   30 
23 48   115   56 
23 49   134   56 
23 50   59   19 
24 25   106   47 
24 26   132   38 
24 27   86   29 
24 28   30   14 
24 29   34   35 
24 30   59   48 
24 31   95   43 
24 32   39   40 
24 33   50   13 
24 34   74   38 
24 35   52   29 
24 36   66   39 
24 37   44   51 
24 38   109   18 
24 39   114   43 
24 40   69   33 
24 41   35   28 
24 42   96   32 
24 43   36   41 
24 44   118   49 
24 45   62   29 
24 46   43   69 
24 47   66   22 
24 48   53   55 
24 49   98   10 
24 50   145   15 
25 26   40   35 
25 27   86   65 
25 28   94   22 
25 29   20   31 
25 30   71   25 
25 31   68   27 
25 32   20   34 
25 33   51   64 
25 34   149   28 
25 35   66   59 
25 36   44   15 
25 37   27   57 
25 38   27   24 
25 39   93   53 
25 40   134   34 
25 41   24   38 
25 42   118   70 
25 43   53   66 
25 44   28   20 
25 45   51   63 
25 46   36   57 
25 47   68   42 
25 48   68   69 
25 49   24   48 
25 50   82   18 
26 27   76   12 
26 28   31   21 
26 29   107   63 
26 30   47   64 
26 31   53   49 
26 32   120   71 
26 33   20   23 
26 34   66   49 
26 35   43   66 
26 36   51   74 
26 37   56   49 
26 38   64   72 
26 39   31   50 
26 40   129   12 
26 41   70   70 
26 42   128   15 
26 43   134   29 
26 44   38   60 
26 45   147   27 
26 46   132   38 
26 47   41   24 
26 48   59   40 
26 49   130   16 
26 50   54   18 
27 28   82   20 
27 29   112   59 
27 30   114   20 
27 31   143   66 
27 32   72   42 
27 33   149   52 
27 34   43   40 
27 35   22   41 
27 36   117   60 
27 37   62   60 
27 38   140   52 
27 39   149   20 
27 40   102   66 
27 41   37   16 
27 42   70   64 
27 43   57   24 
27 44   150   29 
27 45   40   32 
27 46   56   32 
27 47   131   55 
27 48   95   42 
27 49   84   75 
27 50   106   40 
28 29   135   51 
28 30   36   37 
28 31   90   38 
28 32   147   55 
28 33   87   16 
28 34   86   72 
28 35   112   70 
28 36   63   74 
28 37   142   52 
28 38   116   19 
28 39   41   74 
28 40   112   70 
28 41   79   49 
28 42   47   39 
28 43   103   75 
28 44   117   43 
28 45   62   61 
28 46   145   56 
28 47   148   23 
28 48   123   50 
28 49   63   13 
28 50   102   45 
29 30   85   11 
29 31   57   28 
29 32   109   22 
29 33   57   65 
29 34   131   59 
29 35   109   75 
29 36   51   23 
29 37   67   36 
29 38   79   30 
29 39   56   48 
29 40   29   75 
29 41   130   59 
29 42   72   18 
29 43   131   55 
29 44   70   32 
29 45   124   16 
29 46   137   48 
29 47   126   57 
29 48   67   65 
29 49   121   62 
29 50   20   33 
30 31   104   21 
30 32   27   62 
30 33   108   45 
30 34   115   74 
30 35   82   65 
30 36   36   63 
30 37   95   31 
30 38   33   16 
30 39   115   23 
30 40   40   12 
30 41   118   57 
30 42   25   19 
30 43   107   26 
30 44   116   34 
30 45   60   18 
30 46   38   22 
30 47   137   36 
30 48   83   11 
30 49   48   74 
30 50   73   15 
31 32   54   26 
31 33   150   42 
31 34   48   25 
31 35   86   68 
31 36   56   61 
31 37   81   43 
31 38   74   50 
31 39   145   44 
31 40   83   33 
31 41   90   32 
31 42   125   16 
31 43   138   73 
31 44   105   17 
31 45   55   39 
31 46   86   17 
31 47   63   56 
31 48   29   45 
31 49   120   22 
31 50   140   28 
32 33   94   50 
32 34   99   30 
32 35   72   55 
32 36   81   20 
32 37   135   65 
32 38   26   23 
32 39   72   72 
32 40   123   44 
32 41   126   52 
32 42   131   11 
32 43   127   31 
32 44   135   51 
32 45   81   26 
32 46   74   48 
32 47   106   73 
32 48   70   30 
32 49   104   14 
32 50   81   71 
33 34   40   52 
33 35   150   57 
33 36   39   13 
33 37   63   26 
33 38   115   60 
33 39   133   46 
33 40   69   65 
33 41   123   46 
33 42   59   65 
33 43   112   68 
33 44   51   38 
33 45   56   30 
33 46   80   63 
33 47   68   23 
33 48   105   57 
33 49   57   32 
33 50   40   30 
34 35   127   28 
34 36   41   20 
34 37   144   32 
34 38   74   66 
34 39   111   53 
34 40   20   63 
34 41   65   49 
34 42   135   15 
34 43   144   33 
34 44   74   26 
34 45   55   31 
34 46   46   11 
34 47   73   59 
34 48   71   43 
34 49   134   30 
34 50   114   15 
35 36   69   47 
35 37   66   62 
35 38   20   69 
35 39   115   51 
35 40   90   39 
35 41   112   63 
35 42   92   14 
35 43   27   50 
35 44   134   54 
35 45   95   15 
35 46   24   57 
35 47   143   32 
35 48   22   32 
35 49   63   55 
35 50   102   66 
36 37   99   41 
36 38   95   20 
36 39   129   42 
36 40   101   69 
36 41   34   26 
36 42   132   57 
36 43   89   51 
36 44   59   42 
36 45   89   28 
36 46   96   70 
36 47   54   65 
36 48   36   64 
36 49   95   73 
36 50   82   63 
37 38   72   10 
37 39   108   59 
37 40   112   56 
37 41   49   28 
37 42   113   40 
37 43   63   24 
37 44   64   45 
37 45   100   62 
37 46   103   44 
37 47   100   39 
37 48   131   16 
37 49   109   17 
37 50   54   27 
38 39   38   32 
38 40   40   33 
38 41   97   59 
38 42   111   28 
38 43   78   33 
38 44   60   11 
38 45   140   67 
38 46   108   12 
38 47   134   71 
38 48   49   54 
38 49   85   15 
38 50   98   63 
39 40   22   23 
39 41   150   71 
39 42   56   74 
39 43   37   15 
39 44   135   38 
39 45   130   57 
39 46   65   11 
39 47   54   75 
39 48   32   45 
39 49   118   17 
39 50   61   24 
40 41   76   66 
40 42   60   30 
40 43   139   47 
40 44   31   24 
40 45   72   51 
40 46   33   26 
40 47   97   71 
40 48   128   59 
40 49   110   49 
40 50   64   53 
41 42   89   26 
41 43   147   36 
41 44   23   11 
41 45   65   68 
41 46   69   45 
41 47   68   47 
41 48   60   44 
41 49   131   11 
41 50   107   26 
42 43   99   15 
42 44   74   57 
42 45   101   42 
42 46   127   65 
42 47   143   48 
42 48   62   45 
42 49   122   64 
42 50   79   68 
43 44   64   75 
43 45   141   58 
43 46   44   12 
43 47   148   70 
43 48   114   36 
43 49   72   59 
43 50   33   54 
44 45   46   45 
44 46   131   65 
44 47   94   21 
44 48   125   26 
44 49   47   20 
44 50   66   70 
45 46   64   71 
45 47   122   18 
45 48   132   33 
45 49   81   66 
45 50   86   68 
46 47   59   37 
46 48   145   69 
46 49   93   34 
46 50   23   46 
47 48   49   75 
47 49   137   39 
47 50   105   15 
48 49   75   45 
48 50   21   31 
49 50   25   14 