50
1 2   121   40 
1 3   37   53 
1 4   45   61 
1 5   33   28 
1 6   148   66 
1 7   140   33 
1 8   104   75 
1 9   66   32 
1 10   56   37 
1 11   26   28 
1 12   80   62 
1 13   132   34 
1 14   108   66 
1 15   107   24 
1 16   20   23 
1 17   52   35 
1 18   73   10 
1 19   70   58 
1 20   46   11 
1 21   58   11 
1 22   124   43 
1 23   102   32 
1 24   107   21 
1 25   21   58 
1 26   97   25 
1 27   35   40 
1 28   133   21 
1 29   55   33 
1 30   33   56 
1 31   128   74 
1 32   49   51 
1 33   79   41 
1 34   40   57 
1 35   21   32 
1 36   85   24 
1 37   79   48 
1 38   128   22 
1 39   37   55 
1 40   71   72 
1 41   54   51 
1 42   46   49 
1 43   104   18 
1 44   52   54 
1 45   72   35 
1 46   56   57 
1 47   98   33 
1 48   29   10 
1 49   132   31 
1 50   26   43 
2 3   114   13 
2 4   146   56 
2 5   48   46 
2 6   128   38 
2 7   93   53 
2 8   87   27 
2 9   128   40 
2 10   52   60 
2 11   54   28 
2 12   104   74 
2 13   39   53 
2 14   119   35 
2 15   136   53 
2 16   75   47 
2 17   121   69 
2 18   76   60 
2 19   23   18 
2 20   149   47 
2 21   65   41 
2 22   27   48 
2 23   31   73 
2 24   20   31 
2 25   131   48 
2 26   131   10 
2 27   81   53 
2 28   35   18 
2 29   46   25 
2 30   87   68 
2 31   100   32 
2 32   49   13 
2 33   49   59 
2 34   68   12 
2 35   26   57 
2 36   112   69 
2 37   98   41 
2 38   42   71 
2 39   35   53 
2 40   57   74 
2 41   23   37 
2 42   62   40 
2 43   32   46 
2 44   37   15 
2 45   90   34 
2 46   89   19 
2 47   103   27 
2 48   123   26 
2 49   63   29 
2 50   146   13 
3 4   86   10 
3 5   122   37 
3 6   140   56 
3 7   106   45 
3 8   123   37 
3 9   95   48 
3 10   106   21 
3 11   106   37 
3 12   44   20 
3 13   125   37 
3 14   82   15 
3 15   105   51 
3 16   78   56 
3 17   149   11 
3 18   21   17 
3 19   121   52 
3 20   35   66 
3 21   117   21 
3 22   21   65 
3 23   58   10 
3 24   143   63 
3 25   93   35 
3 26   120   70 
3 27   105   30 
3 28   137   48 
3 29   140   53 
3 30   85   19 
3 31   54   35 
3 32   42   50 
3 33   145   64 
3 34   28   55 
3 35   145   52 
3 36   130   29 
3 37   118   24 
3 38   98   57 
3 39   120   23 
3 40   105   34 
3 41   67   61 
3 42   99   57 
3 43   43   49 
3 44   91   72 
3 45   96   45 
3 46   104   40 
3 47   54   28 
3 48   36   13 
3 49   69   12 
3 50   80   52 
4 5   22   14 
4 6   59   40 
4 7   121   48 
4 8   31   67 
4 9   42   35 
4 10   99   24 
4 11   116   61 
4 12   30   55 
4 13   126   65 
4 14   54   34 
4 15   99   16 
4 16   137   57 
4 17   81   42 
4 18   138   41 
4 19   135   13 
4 20   64   16 
4 21   115   44 
4 22   144   60 
4 23   125   38 
4 24   143   68 
4 25   118   35 
4 26   65   33 
4 27   41   70 
4 28   120   58 
4 29   111   39 
4 30   62   12 
4 31   60   63 
4 32   55   11 
4 33   32   62 
4 34   133   35 
4 35   71   43 
4 36   145   26 
4 37   67   31 
4 38   75   22 
4 39   83   66 
4 40   140   46 
4 41   143   66 
4 42   59   24 
4 43   128   71 
4 44   21   72 
4 45   118   20 
4 46   125   38 
4 47   122   37 
4 48   93   15 
4 49   146   33 
4 50   147   56 
5 6   87   44 
5 7   29   48 
5 8   142   47 
5 9   93   73 
5 10   126   33 
5 11   63   57 
5 12   138   34 
5 13   33   73 
5 14   104   53 
5 15   68   27 
5 16   113   19 
5 17   149   16 
5 18   84   61 
5 19   37   35 
5 20   73   53 
5 21   31   10 
5 22   143   36 
5 23   26   49 
5 24   78   39 
5 25   45   34 
5 26   95   54 
5 27   51   12 
5 28   102   17 
5 29   55   26 
5 30   28   14 
5 31   46   31 
5 32   26   62 
5 33   32   52 
5 34   130   66 
5 35   52   64 
5 36   73   27 
5 37   77   32 
5 38   124   15 
5 39   123   18 
5 40   115   48 
5 41   21   45 
5 42   33   45 
5 43   54   33 
5 44   138   47 
5 45   104   70 
5 46   97   69 
5 47   76   45 
5 48   36   55 
5 49   125   27 
5 50   106   36 
6 7   99   71 
6 8   54   51 
6 9   76   18 
6 10   100   68 
6 11   71   72 
6 12   23   38 
6 13   33   47 
6 14   64   42 
6 15   44   61 
6 16   66   37 
6 17   89   47 
6 18   123   73 
6 19   60   21 
6 20   145   51 
6 21   129   17 
6 22   123   57 
6 23   130   60 
6 24   130   33 
6 25   80   51 
6 26   117   26 
6 27   38   29 
6 28   74   58 
6 29   136   71 
6 30   129   22 
6 31   98   24 
6 32   29   37 
6 33   93   43 
6 34   111   26 
6 35   116   65 
6 36   41   56 
6 37   145   11 
6 38   126   39 
6 39   40   31 
6 40   108   67 
6 41   25   22 
6 42   144   17 
6 43   91   16 
6 44   79   75 
6 45   58   60 
6 46   42   67 
6 47   24   47 
6 48   132   32 
6 49   102   43 
6 50   33   21 
7 8   48   75 
7 9   148   60 
7 10   43   33 
7 11   146   64 
7 12   76   14 
7 13   70   62 
7 14   61   48 
7 15   130   17 
7 16   73   10 
7 17   123   22 
7 18   120   55 
7 19   109   20 
7 20   127   20 
7 21   22   48 
7 22   55   32 
7 23   66   33 
7 24   54   67 
7 25   83   28 
7 26   98   27 
7 27   36   43 
7 28   93   22 
7 29   136   53 
7 30   37   21 
7 31   123   49 
7 32   23   46 
7 33   39   62 
7 34   31   41 
7 35   73   57 
7 36   55   64 
7 37   125   58 
7 38   64   20 
7 39   105   37 
7 40   136   47 
7 41   101   61 
7 42   99   22 
7 43   95   49 
7 44   72   28 
7 45   22   24 
7 46   83   27 
7 47   60   68 
7 48   96   13 
7 49   37   11 
7 50   82   38 
8 9   25   41 
8 10   44   17 
8 11   106   28 
8 12   113   46 
8 13   64   13 
8 14   42   25 
8 15   70   65 
8 16   44   60 
8 17   148   73 
8 18   39   41 
8 19   111   50 
8 20   68   14 
8 21   99   48 
8 22   53   53 
8 23   112   56 
8 24   87   66 
8 25   66   30 
8 26   125   40 
8 27   49   16 
8 28   58   41 
8 29   105   28 
8 30   120   61 
8 31   99   30 
8 32   149   54 
8 33   35   26 
8 34   24   72 
8 35   143   19 
8 36   88   22 
8 37   119   75 
8 38   150   68 
8 39   20   64 
8 40   38   18 
8 41   69   18 
8 42   89   65 
8 43   87   24 
8 44   24   53 
8 45   129   74 
8 46   61   36 
8 47   117   43 
8 48   54   52 
8 49   148   29 
8 50   139   46 
9 10   61   40 
9 11   102   50 
9 12   93   18 
9 13   33   28 
9 14   30   36 
9 15   41   49 
9 16   35   42 
9 17   93   38 
9 18   72   39 
9 19   118   63 
9 20   77   46 
9 21   147   26 
9 22   54   53 
9 23   76   61 
9 24   121   12 
9 25   70   53 
9 26   83   10 
9 27   144   22 
9 28   36   35 
9 29   21   15 
9 30   67   13 
9 31   47   47 
9 32   44   42 
9 33   77   61 
9 34   91   75 
9 35   54   51 
9 36   24   66 
9 37   102   56 
9 38   42   71 
9 39   25   56 
9 40   82   23 
9 41   89   18 
9 42   74   56 
9 43   74   58 
9 44   136   57 
9 45   53   10 
9 46   81   57 
9 47   72   44 
9 48   132   42 
9 49   53   59 
9 50   57   34 
10 11   132   32 
10 12   66   73 
10 13   72   46 
10 14   117   74 
10 15   100   46 
10 16   78   57 
10 17   144   58 
10 18   56   60 
10 19   149   48 
10 20   29   53 
10 21   20   60 
10 22   80   59 
10 23   142   50 
10 24   50   62 
10 25   80   57 
10 26   91   62 
10 27   79   73 
10 28   136   48 
10 29   72   20 
10 30   87   28 
10 31   144   63 
10 32   42   37 
10 33   105   19 
10 34   25   27 
10 35   118   14 
10 36   107   73 
10 37   138   71 
10 38   102   58 
10 39   67   26 
10 40   53   14 
10 41   85   66 
10 42   82   63 
10 43   94   17 
10 44   24   32 
10 45   46   75 
10 46   129   10 
10 47   111   20 
10 48   100   57 
10 49   128   54 
10 50   150   69 
11 12   80   13 
11 13   120   65 
11 14   66   54 
11 15   69   29 
11 16   100   50 
11 17   58   69 
11 18   110   68 
11 19   28   43 
11 20   26   27 
11 21   138   10 
11 22   123   36 
11 23   60   54 
11 24   49   70 
11 25   37   46 
11 26   48   39 
11 27   62   34 
11 28   23   37 
11 29   123   12 
11 30   124   31 
11 31   146   46 
11 32   50   47 
11 33   51   22 
11 34   116   26 
11 35   51   55 
11 36   26   22 
11 37   128   71 
11 38   43   73 
11 39   55   66 
11 40   120   70 
11 41   80   55 
11 42   99   47 
11 43   96   12 
11 44   85   72 
11 45   52   30 
11 46   125   32 
11 47   128   72 
11 48   149   25 
11 49   148   59 
11 50   124   71 
12 13   150   26 
12 14   64   22 
12 15   91   17 
12 16   47   57 
12 17   100   12 
12 18   48   34 
12 19   85   19 
12 20   35   27 
12 21   147   48 
12 22   128   34 
12 23   91   65 
12 24   86   62 
12 25   144   71 
12 26   35   53 
12 27   45   63 
12 28   133   28 
12 29   65   14 
12 30   52   40 
12 31   85   37 
12 32   80   25 
12 33   40   10 
12 34   126   53 
12 35   127   15 
12 36   69   26 
12 37   146   60 
12 38   76   52 
12 39   77   51 
12 40   45   68 
12 41   114   23 
12 42   116   73 
12 43   32   32 
12 44   80   75 
12 45   74   53 
12 46   111   31 
12 47   94   72 
12 48   44   36 
12 49   150   68 
12 50   64   24 
13 14   49   54 
13 15   37   30 
13 16   147   61 
13 17   99   16 
13 18   52   23 
13 19   133   46 
13 20   21   16 
13 21   149   61 
13 22   81   73 
13 23   76   35 
13 24   36   39 
13 25   136   73 
13 26   113   27 
13 27   50   38 
13 28   48   11 
13 29   69   60 
13 30   144   64 
13 31   114   26 
13 32   142   69 
13 33   21   58 
13 34   98   45 
13 35   46   47 
13 36   111   53 
13 37   142   27 
13 38   65   14 
13 39   150   15 
13 40   70   49 
13 41   37   38 
13 42   108   45 
13 43   81   27 
13 44   77   43 
13 45   64   23 
13 46   88   50 
13 47   79   58 
13 48   22   39 
13 49   80   54 
13 50   30   49 
14 15   112   13 
14 16   135   40 
14 17   27   50 
14 18   42   31 
14 19   54   23 
14 20   24   47 
14 21   133   19 
14 22   33   57 
14 23   44   35 
14 24   99   56 
14 25   144   57 
14 26   139   72 
14 27   93   68 
14 28   36   72 
14 29   109   31 
14 30   117   27 
14 31   33   63 
14 32   54   59 
14 33   67   43 
14 34   70   48 
14 35   80   41 
14 36   96   36 
14 37   110   66 
14 38   74   54 
14 39   51   13 
14 40   45   53 
14 41   31   17 
14 42   112   12 
14 43   32   75 
14 44   66   67 
14 45   100   69 
14 46   49   28 
14 47   132   49 
14 48   38   12 
14 49   37   44 
14 50   120   56 
15 16   84   36 
15 17   96   68 
15 18   106   28 
15 19   103   22 
15 20   52   60 
15 21   136   45 
15 22   35   38 
15 23   43   68 
15 24   55   13 
15 25   44   63 
15 26   126   11 
15 27   75   49 
15 28   130   35 
15 29   67   54 
15 30   58   21 
15 31   59   53 
15 32   90   24 
15 33   140   62 
15 34   72   12 
15 35   141   15 
15 36   139   14 
15 37   150   50 
15 38   34   11 
15 39   40   26 
15 40   51   55 
15 41   142   12 
15 42   141   69 
15 43   127   58 
15 44   66   25 
15 45   40   27 
15 46   54   53 
15 47   27   16 
15 48   143   52 
15 49   48   30 
15 50   87   27 
16 17   89   31 
16 18   110   15 
16 19   48   64 
16 20   89   46 
16 21   48   25 
16 22   127   57 
16 23   93   15 
16 24   135   32 
16 25   59   17 
16 26   96   59 
16 27   86   13 
16 28   55   73 
16 29   117   16 
16 30   79   19 
16 31   73   38 
16 32   112   64 
16 33   44   38 
16 34   49   62 
16 35   52   63 
16 36   62   42 
16 37   108   44 
16 38   86   73 
16 39   120   66 
16 40   31   15 
16 41   49   55 
16 42   92   51 
16 43   44   21 
16 44   54   65 
16 45   114   20 
16 46   119   56 
16 47   71   64 
16 48   25   74 
16 49   123   68 
16 50   128   27 
17 18   133   68 
17 19   145   50 
17 20   147   53 
17 21   81   34 
17 22   33   61 
17 23   22   52 
17 24   66   55 
17 25   67   30 
17 26   72   23 
17 27   107   68 
17 28   28   66 
17 29   113   31 
17 30   31   40 
17 31   24   31 
17 32   87   23 
17 33   61   56 
17 34   128   49 
17 35   87   22 
17 36   65   18 
17 37   73   69 
17 38   26   23 
17 39   25   58 
17 40   44   27 
17 41   79   27 
17 42   136   41 
17 43   118   58 
17 44   81   20 
17 45   44   16 
17 46   39   33 
17 47   27   21 
17 48   97   56 
17 49   75   25 
17 50   134   58 
18 19   67   42 
18 20   101   65 
18 21   139   47 
18 22   102   54 
18 23   80   24 
18 24   144   52 
18 25   61   46 
18 26   114   16 
18 27   146   70 
18 28   20   19 
18 29   75   65 
18 30   80   46 
18 31   51   68 
18 32   90   24 
18 33   95   67 
18 34   59   73 
18 35   24   48 
18 36   66   26 
18 37   59   44 
18 38   98   25 
18 39   72   68 
18 40   56   18 
18 41   101   31 
18 42   106   64 
18 43   100   27 
18 44   25   40 
18 45   74   59 
18 46   38   42 
18 47   149   14 
18 48   21   18 
18 49   84   14 
18 50   26   11 
19 20   44   72 
19 21   47   27 
19 22   81   34 
19 23   75   39 
19 24   25   44 
19 25   105   29 
19 26   24   25 
19 27   103   10 
19 28   56   68 
19 29   74   64 
19 30   31   44 
19 31   143   31 
19 32   92   41 
19 33   60   21 
19 34   104   60 
19 35   107   21 
19 36   48   19 
19 37   143   55 
19 38   36   37 
19 39   62   68 
19 40   128   13 
19 41   57   47 
19 42   91   45 
19 43   131   10 
19 44   127   68 
19 45   107   66 
19 46   150   45 
19 47   21   21 
19 48   97   74 
19 49   62   25 
19 50   112   48 
20 21   130   73 
20 22   26   70 
20 23   64   32 
20 24   103   29 
20 25   58   48 
20 26   68   14 
20 27   52   44 
20 28   123   44 
20 29   102   16 
20 30   142   24 
20 31   27   26 
20 32   102   27 
20 33   93   31 
20 34   108   66 
20 35   63   15 
20 36   108   52 
20 37   140   26 
20 38   95   59 
20 39   25   21 
20 40   64   63 
20 41   89   68 
20 42   149   52 
20 43   76   41 
20 44   127   68 
20 45   143   19 
20 46   116   31 
20 47   61   52 
20 48   53   48 
20 49   61   33 
20 50   104   46 
21 22   56   48 
21 23   66   67 
21 24   62   29 
21 25   50   41 
21 26   106   55 
21 27   105   58 
21 28   104   63 
21 29   21   17 
21 30   129   38 
21 31   34   14 
21 32   120   18 
21 33   65   71 
21 34   86   11 
21 35   62   40 
21 36   104   10 
21 37   31   35 
21 38   40   28 
21 39   99   61 
21 40   37   58 
21 41   58   52 
21 42   118   67 
21 43   126   12 
21 44   64   36 
21 45   85   19 
21 46   25   18 
21 47   39   27 
21 48   94   64 
21 49   45   72 
21 50   99   51 
22 23   94   33 
22 24   71   52 
22 25   49   51 
22 26   77   66 
22 27   137   70 
22 28   38   51 
22 29   108   75 
22 30   24   33 
22 31   52   65 
22 32   22   73 
22 33   64   25 
22 34   22   60 
22 35   90   50 
22 36   35   47 
22 37   134   65 
22 38   135   36 
22 39   142   71 
22 40   84   32 
22 41   104   19 
22 42   101   65 
22 43   131   12 
22 44   125   53 
22 45   46   59 
22 46   97   20 
22 47   77   65 
22 48   101   56 
22 49   148   16 
22 50   23   32 
23 24   136   56 
23 25   106   42 
23 26   92   46 
23 27   101   68 
23 28   21   52 
23 29   122   17 
23 30   102   23 
23 31   137   11 
23 32   107   55 
23 33   135   28 
23 34   142   60 
23 35   65   46 
23 36   140   30 
23 37   75   59 
23 38   42   20 
23 39   109   29 
23 40   79   27 
23 41   85   31 
23 42   140   54 
23 43   128   36 
23 44   135   14 
23 45   39   31 
23 46   48   47 
23 47   117   29 
23 48   73   46 
23 49   36   64 
23 50   41   12 
24 25   129   18 
24 26   95   53 
24 27   123   24 
24 28   47   54 
24 29   91   22 
24 30   147   21 
24 31   79   12 
24 32   39   71 
24 33   53   37 
24 34   149   24 
24 35   102   10 
24 36   77   35 
24 37   86   29 
24 38   144   17 
24 39   105   21 
24 40   125   21 
24 41   22   11 
24 42   47   46 
24 43   56   42 
24 44   58   52 
24 45   56   67 
24 46   72   63 
24 47   77   41 
24 48   35   19 
24 49   59   68 
24 50   149   34 
25 26   128   12 
25 27   125   25 
25 28   148   60 
25 29   61   71 
25 30   89   54 
25 31   124   25 
25 32   32   70 
25 33   92   44 
25 34   103   38 
25 35   88   75 
25 36   36   16 
25 37   62   69 
25 38   67   40 
25 39   146   60 
25 40   107   56 
25 41   88   42 
25 42   104   10 
25 43   100   71 
25 44   76   67 
25 45   149   55 
25 46   98   49 
25 47   73   46 
25 48   41   42 
25 49   109   38 
25 50   136   59 
26 27   59   74 
26 28   144   10 
26 29   68   37 
26 30   105   36 
26 31   143   50 
26 32   49   65 
26 33   39   64 
26 34   114   11 
26 35   78   28 
26 36   57   67 
26 37   124   57 
26 38   27   25 
26 39   69   21 
26 40   121   11 
26 41   44   65 
26 42   36   20 
26 43   150   72 
26 44   24   16 
26 45   90   54 
26 46   125   54 
26 47   66   29 
26 48   148   15 
26 49   31   49 
26 50   82   23 
27 28   59   27 
27 29   54   12 
27 30   130   48 
27 31   75   35 
27 32   69   43 
27 33   81   25 
27 34   56   20 
27 35   27   50 
27 36   52   42 
27 37   45   58 
27 38   116   70 
27 39   81   38 
27 40   73   75 
27 41   82   60 
27 42   52   47 
27 43   59   41 
27 44   120   59 
27 45   72   29 
27 46   82   73 
27 47   119   25 
27 48   114   10 
27 49   33   65 
27 50   73   25 
28 29   79   32 
28 30   95   64 
28 31   53   36 
28 32   138   67 
28 33   119   35 
28 34   134   12 
28 35   96   33 
28 36   85   36 
28 37   27   37 
28 38   67   42 
28 39   134   52 
28 40   112   52 
28 41   31   37 
28 42   112   70 
28 43   87   22 
28 44   46   48 
28 45   135   50 
28 46   98   63 
28 47   22   31 
28 48   30   19 
28 49   23   35 
28 50   56   48 
29 30   51   24 
29 31   146   57 
29 32   127   66 
29 33   120   75 
29 34   76   41 
29 35   60   56 
29 36   80   53 
29 37   58   26 
29 38   72   21 
29 39   45   21 
29 40   26   58 
29 41   22   49 
29 42   64   70 
29 43   96   63 
29 44   113   41 
29 45   25   47 
29 46   44   15 
29 47   22   61 
29 48   122   10 
29 49   38   14 
29 50   149   40 
30 31   135   42 
30 32   106   28 
30 33   49   38 
30 34   88   71 
30 35   121   10 
30 36   79   45 
30 37   90   47 
30 38   50   47 
30 39   136   21 
30 40   114   35 
30 41   102   46 
30 42   46   56 
30 43   104   59 
30 44   139   44 
30 45   48   17 
30 46   53   17 
30 47   59   74 
30 48   35   29 
30 49   80   72 
30 50   115   22 
31 32   33   48 
31 33   55   60 
31 34   89   31 
31 35   21   24 
31 36   65   53 
31 37   90   14 
31 38   134   38 
31 39   24   47 
31 40   65   28 
31 41   90   34 
31 42   138   16 
31 43   131   73 
31 44   67   10 
31 45   26   66 
31 46   79   11 
31 47   65   53 
31 48   22   42 
31 49   38   72 
31 50   30   54 
32 33   52   51 
32 34   71   11 
32 35   118   55 
32 36   26   57 
32 37   32   13 
32 38   94   31 
32 39   91   69 
32 40   20   30 
32 41   52   50 
32 42   28   17 
32 43   105   68 
32 44   40   59 
32 45   94   67 
32 46   131   68 
32 47   90   40 
32 48   49   24 
32 49   123   73 
32 50   63   56 
33 34   42   42 
33 35   134   53 
33 36   39   21 
33 37   114   47 
33 38   27   41 
33 39   148   16 
33 40   113   46 
33 41   56   22 
33 42   123   30 
33 43   33   55 
33 44   34   12 
33 45   101   57 
33 46   145   11 
33 47   127   32 
33 48   29   47 
33 49   101   25 
33 50   136   56 
34 35   46   67 
34 36   40   45 
34 37   60   57 
34 38   143   25 
34 39   128   21 
34 40   116   33 
34 41   116   54 
34 42   143   59 
34 43   117   20 
34 44   40   56 
34 45   142   63 
34 46   106   48 
34 47   110   13 
34 48   141   35 
34 49   92   49 
34 50   145   27 
35 36   43   49 
35 37   141   58 
35 38   93   17 
35 39   112   33 
35 40   146   35 
35 41   130   65 
35 42   41   52 
35 43   79   61 
35 44   89   65 
35 45   98   49 
35 46   28   15 
35 47   131   43 
35 48   26   53 
35 49   142   11 
35 50   72   68 
36 37   141   66 
36 38   86   19 
36 39   44   46 
36 40   130   48 
36 41   50   12 
36 42   49   35 
36 43   21   18 
36 44   119   16 
36 45   22   42 
36 46   76   63 
36 47   113   43 
36 48   76   29 
36 49   54   27 
36 50   93   27 
37 38   120   23 
37 39   31   68 
37 40   27   31 
37 41   103   36 
37 42   26   13 
37 43   26   14 
37 44   102   60 
37 45   143   32 
37 46   52   53 
37 47   134   13 
37 48   63   49 
37 49   126   54 
37 50   149   71 
38 39   143   15 
38 40   55   42 
38 41   137   50 
38 42   36   13 
38 43   91   33 
38 44   72   60 
38 45   60   54 
38 46   82   33 
38 47   73   66 
38 48   144   64 
38 49   51   19 
38 50   26   61 
39 40   66   62 
39 41   47   21 
39 42   75   32 
39 43   79   58 
39 44   135   10 
39 45   144   29 
39 46   73   54 
39 47   60   75 
39 48   111   26 
39 49   79   50 
39 50   109   48 
40 41   126   24 
40 42   124   39 
40 43   52   68 
40 44   100   71 
40 45   147   10 
40 46   72   27 
40 47   129   65 
40 48   71   58 
40 49   39   52 
40 50   141   57 
41 42   55   38 
41 43   21   71 
41 44   77   46 
41 45   50   46 
41 46   20   26 
41 47   35   43 
41 48   148   41 
41 49   43   36 
41 50   114   39 
42 43   99   68 
42 44   150   29 
42 45   41   10 
42 46   27   62 
42 47   136   28 
42 48   112   12 
42 49   123   16 
42 50   140   52 
43 44   124   37 
43 45   144   46 
43 46   142   26 
43 47   73   53 
43 48   101   59 
43 49   58   56 
43 50   33   53 
44 45   76   43 
44 46   49   31 
44 47   20   23 
44 48   92   45 
44 49   48   53 
44 50   147   75 
45 46   102   23 
45 47   112   39 
45 48   27   37 
45 49   63   56 
45 50   61   74 
46 47   90   28 
46 48   40   51 
46 49   21   17 
46 50   83   43 
47 48   118   32 
47 49   22   39 
47 50   24   35 
48 49   33   40 
48 50   97   53 
49 50   117   28 