50
1 2   40   35 
1 3   86   65 
1 4   94   22 
1 5   20   31 
1 6   71   25 
1 7   68   27 
1 8   20   34 
1 9   51   64 
1 10   149   28 
1 11   66   59 
1 12   44   15 
1 13   27   57 
1 14   27   24 
1 15   93   53 
1 16   134   34 
1 17   24   38 
1 18   118   70 
1 19   53   66 
1 20   28   20 
1 21   51   63 
1 22   36   57 
1 23   68   42 
1 24   68   69 
1 25   24   48 
1 26   82   18 
1 27   76   12 
1 28   31   21 
1 29   107   63 
1 30   47   64 
1 31   53   49 
1 32   120   71 
1 33   20   23 
1 34   66   49 
1 35   43   66 
1 36   51   74 
1 37   56   49 
1 38   64   72 
1 39   31   50 
1 40   129   12 
1 41   70   70 
1 42   128   15 
1 43   134   29 
1 44   38   60 
1 45   147   27 
1 46   132   38 
1 47   41   24 
1 48   59   40 
1 49   130   16 
1 50   54   18 
2 3   82   20 
2 4   112   59 
2 5   114   20 
2 6   143   66 
2 7   72   42 
2 8   149   52 
2 9   43   40 
2 10   22   41 
2 11   117   60 
2 12   62   60 
2 13   140   52 
2 14   149   20 
2 15   102   66 
2 16   37   16 
2 17   70   64 
2 18   57   24 
2 19   150   29 
2 20   40   32 
2 21   56   32 
2 22   131   55 
2 23   95   42 
2 24   84   75 
2 25   106   40 
2 26   135   51 
2 27   36   37 
2 28   90   38 
2 29   147   55 
2 30   87   16 
2 31   86   72 
2 32   112   70 
2 33   63   74 
2 34   142   52 
2 35   116   19 
2 36   41   74 
2 37   112   70 
2 38   79   49 
2 39   47   39 
2 40   103   75 
2 41   117   43 
2 42   62   61 
2 43   145   56 
2 44   148   23 
2 45   123   50 
2 46   63   13 
2 47   102   45 
2 48   85   11 
2 49   57   28 
2 50   109   22 
3 4   57   65 
3 5   131   59 
3 6   109   75 
3 7   51   23 
3 8   67   36 
3 9   79   30 
3 10   56   48 
3 11   29   75 
3 12   130   59 
3 13   72   18 
3 14   131   55 
3 15   70   32 
3 16   124   16 
3 17   137   48 
3 18   126   57 
3 19   67   65 
3 20   121   62 
3 21   20   33 
3 22   104   21 
3 23   27   62 
3 24   108   45 
3 25   115   74 
3 26   82   65 
3 27   36   63 
3 28   95   31 
3 29   33   16 
3 30   115   23 
3 31   40   12 
3 32   118   57 
3 33   25   19 
3 34   107   26 
3 35   116   34 
3 36   60   18 
3 37   38   22 
3 38   137   36 
3 39   83   11 
3 40   48   74 
3 41   73   15 
3 42   54   26 
3 43   150   42 
3 44   48   25 
3 45   86   68 
3 46   56   61 
3 47   81   43 
3 48   74   50 
3 49   145   44 
3 50   83   33 
4 5   90   32 
4 6   125   16 
4 7   138   73 
4 8   105   17 
4 9   55   39 
4 10   86   17 
4 11   63   56 
4 12   29   45 
4 13   120   22 
4 14   140   28 
4 15   94   50 
4 16   99   30 
4 17   72   55 
4 18   81   20 
4 19   135   65 
4 20   26   23 
4 21   72   72 
4 22   123   44 
4 23   126   52 
4 24   131   11 
4 25   127   31 
4 26   135   51 
4 27   81   26 
4 28   74   48 
4 29   106   73 
4 30   70   30 
4 31   104   14 
4 32   81   71 
4 33   40   52 
4 34   150   57 
4 35   39   13 
4 36   63   26 
4 37   115   60 
4 38   133   46 
4 39   69   65 
4 40   123   46 
4 41   59   65 
4 42   112   68 
4 43   51   38 
4 44   56   30 
4 45   80   63 
4 46   68   23 
4 47   105   57 
4 48   57   32 
4 49   40   30 
4 50   127   28 
5 6   41   20 
5 7   144   32 
5 8   74   66 
5 9   111   53 
5 10   20   63 
5 11   65   49 
5 12   135   15 
5 13   144   33 
5 14   74   26 
5 15   55   31 
5 16   46   11 
5 17   73   59 
5 18   71   43 
5 19   134   30 
5 20   114   15 
5 21   69   47 
5 22   66   62 
5 23   20   69 
5 24   115   51 
5 25   90   39 
5 26   112   63 
5 27   92   14 
5 28   27   50 
5 29   134   54 
5 30   95   15 
5 31   24   57 
5 32   143   32 
5 33   22   32 
5 34   63   55 
5 35   102   66 
5 36   99   41 
5 37   95   20 
5 38   129   42 
5 39   101   69 
5 40   34   26 
5 41   132   57 
5 42   89   51 
5 43   59   42 
5 44   89   28 
5 45   96   70 
5 46   54   65 
5 47   36   64 
5 48   95   73 
5 49   82   63 
5 50   72   10 
6 7   108   59 
6 8   112   56 
6 9   49   28 
6 10   113   40 
6 11   63   24 
6 12   64   45 
6 13   100   62 
6 14   103   44 
6 15   100   39 
6 16   131   16 
6 17   109   17 
6 18   54   27 
6 19   38   32 
6 20   40   33 
6 21   97   59 
6 22   111   28 
6 23   78   33 
6 24   60   11 
6 25   140   67 
6 26   108   12 
6 27   134   71 
6 28   49   54 
6 29   85   15 
6 30   98   63 
6 31   22   23 
6 32   150   71 
6 33   56   74 
6 34   37   15 
6 35   135   38 
6 36   130   57 
6 37   65   11 
6 38   54   75 
6 39   32   45 
6 40   118   17 
6 41   61   24 
6 42   76   66 
6 43   60   30 
6 44   139   47 
6 45   31   24 
6 46   72   51 
6 47   33   26 
6 48   97   71 
6 49   128   59 
6 50   110   49 
7 8   64   53 
7 9   89   26 
7 10   147   36 
7 11   23   11 
7 12   65   68 
7 13   69   45 
7 14   68   47 
7 15   60   44 
7 16   131   11 
7 17   107   26 
7 18   99   15 
7 19   74   57 
7 20   101   42 
7 21   127   65 
7 22   143   48 
7 23   62   45 
7 24   122   64 
7 25   79   68 
7 26   64   75 
7 27   141   58 
7 28   44   12 
7 29   148   70 
7 30   114   36 
7 31   72   59 
7 32   33   54 
7 33   46   45 
7 34   131   65 
7 35   94   21 
7 36   125   26 
7 37   47   20 
7 38   66   70 
7 39   64   71 
7 40   122   18 
7 41   132   33 
7 42   81   66 
7 43   86   68 
7 44   59   37 
7 45   145   69 
7 46   93   34 
7 47   23   46 
7 48   49   75 
7 49   137   39 
7 50   105   15 
8 9   75   45 
8 10   21   31 
8 11   25   14 
8 12   110   71 
8 13   113   75 
8 14   145   48 
8 15   128   60 
8 16   128   18 
8 17   146   16 
8 18   38   61 
8 19   21   37 
8 20   61   64 
8 21   29   16 
8 22   79   56 
8 23   117   71 
8 24   30   39 
8 25   83   75 
8 26   118   12 
8 27   56   44 
8 28   142   43 
8 29   98   70 
8 30   146   55 
8 31   137   35 
8 32   112   24 
8 33   103   35 
8 34   98   17 
8 35   116   31 
8 36   42   20 
8 37   131   35 
8 38   138   21 
8 39   37   30 
8 40   83   71 
8 41   60   39 
8 42   69   60 
8 43   134   49 
8 44   95   15 
8 45   99   62 
8 46   143   21 
8 47   142   75 
8 48   28   28 
8 49   101   58 
8 50   28   47 
9 10   141   58 
9 11   135   19 
9 12   125   16 
9 13   85   21 
9 14   138   31 
9 15   127   56 
9 16   46   75 
9 17   111   37 
9 18   85   43 
9 19   103   12 
9 20   85   63 
9 21   130   47 
9 22   145   13 
9 23   30   23 
9 24   33   15 
9 25   122   30 
9 26   54   48 
9 27   65   62 
9 28   89   20 
9 29   59   57 
9 30   69   31 
9 31   83   25 
9 32   93   45 
9 33   139   49 
9 34   107   11 
9 35   84   11 
9 36   58   66 
9 37   35   26 
9 38   59   24 
9 39   89   17 
9 40   85   43 
9 41   105   30 
9 42   126   34 
9 43   65   21 
9 44   96   34 
9 45   119   72 
9 46   28   72 
9 47   146   60 
9 48   37   36 
9 49   73   23 
9 50   70   72 
10 11   89   31 
10 12   29   25 
10 13   150   44 
10 14   97   62 
10 15   148   70 
10 16   24   42 
10 17   21   27 
10 18   111   28 
10 19   103   13 
10 20   84   47 
10 21   106   65 
10 22   81   65 
10 23   119   61 
10 24   147   31 
10 25   94   18 
10 26   109   46 
10 27   67   16 
10 28   23   69 
10 29   39   53 
10 30   91   47 
10 31   30   63 
10 32   93   26 
10 33   125   60 
10 34   57   60 
10 35   114   23 
10 36   88   31 
10 37   72   11 
10 38   97   13 
10 39   86   24 
10 40   121   33 
10 41   48   75 
10 42   122   33 
10 43   22   16 
10 44   137   61 
10 45   102   48 
10 46   79   53 
10 47   86   69 
10 48   104   16 
10 49   129   35 
10 50   21   27 
11 12   46   23 
11 13   98   52 
11 14   83   30 
11 15   46   26 
11 16   38   38 
11 17   104   16 
11 18   25   60 
11 19   112   14 
11 20   118   66 
11 21   51   15 
11 22   37   65 
11 23   49   71 
11 24   115   16 
11 25   62   14 
11 26   29   58 
11 27   116   59 
11 28   105   58 
11 29   80   39 
11 30   86   32 
11 31   51   18 
11 32   47   50 
11 33   33   55 
11 34   111   28 
11 35   21   62 
11 36   110   62 
11 37   45   44 
11 38   102   53 
11 39   94   56 
11 40   22   28 
11 41   34   26 
11 42   78   48 
11 43   51   11 
11 44   85   33 
11 45   66   46 
11 46   76   10 
11 47   49   33 
11 48   53   15 
11 49   30   72 
11 50   138   54 
12 13   147   31 
12 14   59   72 
12 15   79   39 
12 16   70   28 
12 17   131   70 
12 18   99   71 
12 19   97   45 
12 20   72   42 
12 21   78   41 
12 22   48   61 
12 23   115   65 
12 24   25   67 
12 25   121   57 
12 26   65   10 
12 27   96   34 
12 28   81   13 
12 29   89   75 
12 30   140   56 
12 31   55   61 
12 32   82   65 
12 33   67   21 
12 34   68   27 
12 35   26   28 
12 36   65   55 
12 37   120   67 
12 38   145   29 
12 39   53   49 
12 40   95   63 
12 41   33   46 
12 42   49   75 
12 43   97   43 
12 44   55   42 
12 45   98   10 
12 46   34   57 
12 47   31   19 
12 48   140   49 
12 49   65   53 
12 50   55   37 
13 14   63   44 
13 15   115   58 
13 16   102   16 
13 17   25   26 
13 18   59   47 
13 19   97   44 
13 20   51   68 
13 21   79   24 
13 22   150   46 
13 23   91   30 
13 24   97   37 
13 25   92   30 
13 26   67   42 
13 27   139   57 
13 28   117   63 
13 29   41   67 
13 30   106   55 
13 31   55   48 
13 32   55   31 
13 33   57   31 
13 34   78   55 
13 35   83   28 
13 36   51   67 
13 37   67   33 
13 38   101   70 
13 39   63   14 
13 40   26   30 
13 41   24   59 
13 42   104   59 
13 43   51   21 
13 44   101   44 
13 45   95   63 
13 46   138   66 
13 47   114   50 
13 48   34   15 
13 49   39   73 
13 50   132   29 
14 15   147   58 
14 16   46   47 
14 17   103   61 
14 18   79   46 
14 19   89   14 
14 20   54   21 
14 21   106   46 
14 22   66   30 
14 23   90   10 
14 24   117   37 
14 25   24   55 
14 26   147   54 
14 27   98   18 
14 28   65   10 
14 29   120   14 
14 30   101   45 
14 31   109   64 
14 32   46   48 
14 33   120   46 
14 34   125   24 
14 35   23   17 
14 36   119   74 
14 37   69   39 
14 38   67   69 
14 39   97   49 
14 40   117   21 
14 41   145   25 
14 42   116   20 
14 43   99   62 
14 44   97   70 
14 45   26   37 
14 46   134   13 
14 47   32   67 
14 48   95   46 
14 49   89   18 
14 50   83   13 
15 16   26   74 
15 17   100   68 
15 18   145   56 
15 19   38   41 
15 20   78   61 
15 21   35   40 
15 22   61   22 
15 23   121   51 
15 24   86   61 
15 25   90   48 
15 26   146   41 
15 27   74   44 
15 28   58   47 
15 29   121   32 
15 30   28   62 
15 31   21   17 
15 32   149   70 
15 33   76   12 
15 34   103   35 
15 35   53   15 
15 36   61   57 
15 37   53   58 
15 38   141   70 
15 39   86   46 
15 40   48   16 
15 41   83   59 
15 42   135   73 
15 43   44   13 
15 44   115   75 
15 45   85   27 
15 46   62   26 
15 47   65   72 
15 48   77   51 
15 49   28   63 
15 50   145   57 
16 17   82   36 
16 18   39   37 
16 19   60   21 
16 20   150   55 
16 21   122   62 
16 22   68   73 
16 23   85   34 
16 24   58   62 
16 25   58   10 
16 26   150   61 
16 27   150   37 
16 28   96   20 
16 29   129   32 
16 30   65   65 
16 31   24   23 
16 32   78   15 
16 33   25   32 
16 34   75   55 
16 35   31   55 
16 36   94   61 
16 37   142   72 
16 38   102   45 
16 39   126   37 
16 40   68   59 
16 41   51   44 
16 42   45   39 
16 43   100   57 
16 44   129   61 
16 45   129   75 
16 46   100   48 
16 47   40   40 
16 48   83   28 
16 49   117   51 
16 50   67   39 
17 18   69   28 
17 19   100   53 
17 20   48   73 
17 21   126   73 
17 22   45   71 
17 23   113   43 
17 24   49   29 
17 25   45   61 
17 26   146   10 
17 27   37   31 
17 28   67   14 
17 29   103   21 
17 30   21   48 
17 31   32   57 
17 32   26   23 
17 33   139   36 
17 34   70   47 
17 35   85   54 
17 36   112   71 
17 37   94   62 
17 38   144   13 
17 39   34   36 
17 40   126   65 
17 41   61   68 
17 42   68   72 
17 43   52   30 
17 44   117   71 
17 45   32   42 
17 46   34   60 
17 47   62   39 
17 48   93   69 
17 49   120   55 
17 50   81   52 
18 19   70   44 
18 20   137   36 
18 21   45   35 
18 22   60   47 
18 23   116   53 
18 24   59   73 
18 25   123   36 
18 26   83   53 
18 27   56   35 
18 28   131   25 
18 29   67   52 
18 30   72   66 
18 31   120   32 
18 32   53   29 
18 33   27   36 
18 34   128   22 
18 35   91   44 
18 36   132   56 
18 37   122   39 
18 38   26   50 
18 39   75   67 
18 40   75   38 
18 41   35   29 
18 42   43   14 
18 43   89   62 
18 44   125   13 
18 45   48   28 
18 46   20   42 
18 47   93   62 
18 48   67   19 
18 49   60   41 
18 50   83   47 
19 20   108   22 
19 21   64   23 
19 22   55   61 
19 23   80   36 
19 24   56   25 
19 25   62   65 
19 26   119   67 
19 27   23   21 
19 28   86   60 
19 29   118   73 
19 30   35   70 
19 31   86   32 
19 32   68   45 
19 33   110   64 
19 34   44   42 
19 35   82   55 
19 36   36   73 
19 37   56   12 
19 38   28   59 
19 39   149   25 
19 40   147   29 
19 41   143   48 
19 42   48   67 
19 43   59   49 
19 44   91   10 
19 45   116   33 
19 46   39   75 
19 47   91   45 
19 48   90   11 
19 49   85   68 
19 50   30   55 
20 21   75   63 
20 22   35   17 
20 23   118   46 
20 24   140   16 
20 25   26   67 
20 26   93   38 
20 27   137   21 
20 28   144   43 
20 29   93   17 
20 30   131   34 
20 31   62   46 
20 32   45   15 
20 33   125   26 
20 34   135   75 
20 35   122   46 
20 36   79   45 
20 37   93   11 
20 38   64   40 
20 39   47   27 
20 40   37   63 
20 41   84   44 
20 42   83   62 
20 43   32   24 
20 44   43   46 
20 45   103   54 
20 46   76   41 
20 47   25   56 
20 48   150   28 
20 49   44   13 
20 50   147   46 
21 22   144   39 
21 23   58   64 
21 24   100   52 
21 25   119   23 
21 26   150   14 
21 27   75   55 
21 28   77   34 
21 29   23   14 
21 30   32   50 
21 31   122   65 
21 32   54   58 
21 33   73   65 
21 34   79   11 
21 35   138   35 
21 36   103   50 
21 37   24   59 
21 38   118   34 
21 39   58   57 
21 40   145   38 
21 41   147   37 
21 42   140   56 
21 43   111   33 
21 44   67   34 
21 45   64   37 
21 46   125   29 
21 47   93   70 
21 48   37   57 
21 49   118   30 
21 50   115   62 
22 23   93   31 
22 24   45   65 
22 25   78   52 
22 26   103   55 
22 27   133   72 
22 28   147   53 
22 29   138   26 
22 30   100   17 
22 31   61   65 
22 32   70   17 
22 33   141   24 
22 34   99   51 
22 35   27   40 
22 36   84   65 
22 37   129   61 
22 38   93   74 
22 39   31   60 
22 40   46   34 
22 41   81   62 
22 42   144   25 
22 43   104   63 
22 44   140   57 
22 45   112   23 
22 46   107   17 
22 47   138   52 
22 48   128   40 
22 49   23   51 
22 50   58   65 
23 24   25   70 
23 25   73   17 
23 26   56   18 
23 27   96   61 
23 28   41   44 
23 29   23   33 
23 30   139   64 
23 31   126   58 
23 32   22   58 
23 33   68   30 
23 34   116   61 
23 35   73   43 
23 36   53   61 
23 37   112   31 
23 38   79   16 
23 39   22   56 
23 40   86   71 
23 41   104   45 
23 42   25   38 
23 43   75   75 
23 44   34   38 
23 45   89   49 
23 46   102   39 
23 47   45   67 
23 48   145   56 
23 49   150   57 
23 50   44   62 
24 25   116   36 
24 26   91   14 
24 27   135   67 
24 28   88   34 
24 29   27   33 
24 30   59   37 
24 31   133   11 
24 32   137   11 
24 33   55   47 
24 34   135   28 
24 35   53   41 
24 36   27   48 
24 37   22   31 
24 38   100   26 
24 39   110   71 
24 40   81   44 
24 41   66   28 
24 42   103   35 
24 43   77   53 
24 44   107   21 
24 45   130   21 
24 46   63   15 
24 47   54   63 
24 48   99   37 
24 49   126   73 
24 50   135   30 
25 26   99   21 
25 27   99   43 
25 28   99   26 
25 29   78   63 
25 30   101   23 
25 31   52   46 
25 32   93   55 
25 33   38   12 
25 34   45   22 
25 35   135   70 
25 36   122   25 
25 37   143   33 
25 38   107   30 
25 39   39   16 
25 40   144   30 
25 41   89   19 
25 42   78   37 
25 43   129   35 
25 44   55   52 
25 45   48   16 
25 46   30   19 
25 47   140   56 
25 48   65   25 
25 49   88   13 
25 50   54   71 
26 27   83   69 
26 28   98   68 
26 29   99   13 
26 30   112   25 
26 31   133   37 
26 32   81   52 
26 33   41   22 
26 34   123   29 
26 35   112   44 
26 36   144   60 
26 37   147   58 
26 38   52   30 
26 39   124   66 
26 40   60   20 
26 41   60   61 
26 42   26   23 
26 43   146   32 
26 44   102   73 
26 45   98   12 
26 46   27   33 
26 47   73   59 
26 48   33   50 
26 49   87   59 
26 50   76   49 
27 28   106   43 
27 29   113   58 
27 30   126   68 
27 31   101   49 
27 32   101   52 
27 33   109   54 
27 34   81   67 
27 35   32   49 
27 36   80   60 
27 37   82   46 
27 38   37   50 
27 39   68   18 
27 40   33   34 
27 41   102   17 
27 42   54   74 
27 43   137   27 
27 44   125   58 
27 45   84   65 
27 46   84   62 
27 47   59   38 
27 48   89   29 
27 49   53   40 
27 50   21   30 
28 29   55   38 
28 30   111   70 
28 31   109   69 
28 32   127   11 
28 33   57   57 
28 34   68   17 
28 35   85   40 
28 36   121   71 
28 37   121   13 
28 38   102   14 
28 39   132   23 
28 40   121   54 
28 41   88   72 
28 42   123   74 
28 43   45   23 
28 44   90   14 
28 45   123   56 
28 46   120   24 
28 47   33   49 
28 48   131   55 
28 49   131   14 
28 50   77   37 
29 30   110   59 
29 31   103   54 
29 32   24   34 
29 33   145   69 
29 34   116   71 
29 35   138   31 
29 36   25   17 
29 37   41   19 
29 38   27   52 
29 39   89   53 
29 40   142   22 
29 41   69   23 
29 42   80   45 
29 43   69   31 
29 44   34   31 
29 45   80   69 
29 46   122   15 
29 47   56   73 
29 48   33   41 
29 49   78   20 
29 50   24   21 
30 31   66   74 
30 32   121   66 
30 33   63   12 
30 34   81   67 
30 35   126   12 
30 36   60   26 
30 37   79   65 
30 38   59   24 
30 39   72   68 
30 40   82   71 
30 41   102   51 
30 42   138   60 
30 43   51   10 
30 44   121   10 
30 45   123   70 
30 46   62   71 
30 47   131   74 
30 48   72   70 
30 49   130   54 
30 50   26   30 
31 32   97   69 
31 33   108   55 
31 34   24   40 
31 35   119   69 
31 36   62   74 
31 37   80   24 
31 38   111   33 
31 39   78   74 
31 40   84   42 
31 41   107   44 
31 42   96   13 
31 43   89   56 
31 44   124   33 
31 45   55   14 
31 46   106   23 
31 47   147   75 
31 48   51   55 
31 49   28   16 
31 50   129   62 
32 33   132   42 
32 34   56   25 
32 35   114   58 
32 36   45   22 
32 37   45   15 
32 38   97   39 
32 39   90   43 
32 40   40   48 
32 41   144   34 
32 42   110   57 
32 43   129   19 
32 44   95   67 
32 45   120   50 
32 46   108   51 
32 47   97   10 
32 48   54   21 
32 49   127   39 
32 50   76   61 
33 34   21   50 
33 35   87   56 
33 36   98   75 
33 37   21   74 
33 38   30   60 
33 39   110   19 
33 40   59   12 
33 41   64   35 
33 42   126   15 
33 43   39   32 
33 44   36   19 
33 45   116   33 
33 46   75   13 
33 47   108   28 
33 48   119   49 
33 49   75   66 
33 50   43   17 
34 35   46   46 
34 36   81   15 
34 37   84   21 
34 38   35   28 
34 39   35   65 
34 40   39   50 
34 41   53   14 
34 42   58   48 
34 43   29   13 
34 44   86   36 
34 45   103   29 
34 46   139   38 
34 47   106   17 
34 48   24   47 
34 49   103   20 
34 50   67   23 
35 36   74   71 
35 37   140   27 
35 38   99   61 
35 39   76   75 
35 40   44   41 
35 41   78   32 
35 42   133   40 
35 43   50   69 
35 44   33   36 
35 45   48   26 
35 46   146   47 
35 47   68   62 
35 48   90   10 
35 49   92   43 
35 50   76   27 
36 37   36   75 
36 38   137   44 
36 39   147   67 
36 40   66   62 
36 41   29   13 
36 42   131   17 
36 43   142   61 
36 44   148   69 
36 45   74   63 
36 46   50   74 
36 47   51   14 
36 48   48   12 
36 49   96   41 
36 50   26   11 
37 38   85   36 
37 39   47   60 
37 40   25   21 
37 41   98   27 
37 42   55   65 
37 43   132   19 
37 44   146   41 
37 45   61   26 
37 46   20   37 
37 47   91   39 
37 48   33   18 
37 49   27   58 
37 50   70   38 
38 39   115   51 
38 40   63   20 
38 41   33   42 
38 42   41   27 
38 43   73   38 
38 44   120   14 
38 45   52   13 
38 46   24   67 
38 47   133   39 
38 48   71   57 
38 49   133   71 
38 50   70   45 
39 40   81   58 
39 41   143   50 
39 42   144   51 
39 43   148   35 
39 44   63   17 
39 45   129   16 
39 46   141   49 
39 47   46   27 
39 48   24   58 
39 49   140   66 
39 50   130   42 
40 41   115   39 
40 42   96   45 
40 43   52   22 
40 44   37   69 
40 45   41   41 
40 46   107   42 
40 47   126   42 
40 48   78   73 
40 49   49   49 
40 50   74   29 
41 42   36   73 
41 43   126   28 
41 44   106   13 
41 45   87   24 
41 46   115   43 
41 47   108   54 
41 48   106   41 
41 49   78   16 
41 50   108   35 
42 43   72   75 
42 44   120   47 
42 45   91   16 
42 46   77   53 
42 47   145   73 
42 48   116   49 
42 49   92   56 
42 50   150   72 
43 44   49   24 
43 45   100   46 
43 46   102   62 
43 47   104   15 
43 48   83   57 
43 49   41   44 
43 50   73   27 
44 45   32   66 
44 46   80   58 
44 47   142   64 
44 48   26   42 
44 49   100   42 
44 50   141   13 
45 46   52   28 
45 47   53   68 
45 48   137   13 
45 49   116   56 
45 50   129   26 
46 47   107   73 
46 48   58   47 
46 49   103   13 
46 50   93   17 
47 48   46   59 
47 49   126   54 
47 50   137   10 
48 49   150   22 
48 50   28   70 
49 50   91   37 